date,open,high,close,low,volume,price_change,p_change,ma5,ma10,ma20,v_ma5,v_ma10,v_ma20
2018-07-31,13.64,13.83,13.38,13.03,93858.6,-0.27,-1.98,13.77,14.187,13.391,112704.23,146854.22,134918.36
2018-07-30,13.82,14.04,13.65,13.38,77340.72,-0.02,-0.15,13.996,14.34,13.338,117384.9,162902.01,135654.79
2018-07-27,13.76,13.93,13.67,13.58,87039.0,0.1,0.74,14.21,14.33,13.243,128104.62,174536.61,135377.39
2018-07-26,14.22,14.25,13.57,13.53,153323.41,-1.01,-6.93,14.394,14.269,13.154,139037.34,191582.48,135374.63
2018-07-25,14.41,15.14,14.58,14.41,151959.44,0.07,0.48,14.652,14.186,13.036,148769.84,183163.73,129870.71
2018-07-24,14.59,14.69,14.51,14.31,117261.94,-0.21,-1.43,14.604,13.886,12.868,181004.2,176311.82,125067.15
2018-07-23,14.51,14.77,14.72,14.16,130939.29,0.13,0.89,14.684,13.652,12.707,208419.12,170545.47,122248.21
2018-07-20,14.7,14.84,14.59,14.34,141702.61,-0.27,-1.82,14.45,13.405,12.51,220968.61,164606.28,118028.5
2018-07-19,14.38,15.15,14.86,14.38,201985.92,0.52,3.63,14.144,13.141,12.319,244127.62,160129.0,113619.41
2018-07-18,15.2,15.74,14.34,14.3,313131.25,-0.57,-3.82,13.72,12.828,12.095,217557.61,146204.07,106546.13
2018-07-17,13.43,14.91,14.91,13.1,254336.52,1.36,10.04,13.168,12.594,11.937,171619.44,122982.49,93500.78
2018-07-16,13.25,14.2,13.55,13.24,193686.73,0.49,3.75,12.62,12.336,11.743,132671.83,108407.57,84439.61
2018-07-13,13.37,13.7,13.06,13.01,257497.69,0.32,2.51,12.36,12.156,11.675,108243.96,96218.18,77665.16
2018-07-12,11.85,12.74,12.74,11.85,69135.87,1.16,10.02,12.138,12.039,11.634,76130.38,79166.78,67581.72
2018-07-11,11.9,11.92,11.58,11.12,83440.38,-0.59,-4.85,11.936,11.886,11.608,74850.53,76577.7,67844.6
2018-07-10,12.19,12.25,12.17,11.97,59598.48,-0.08,-0.65,12.02,11.85,11.638,74345.55,73822.48,65843.55
2018-07-09,12.05,12.29,12.25,11.85,71547.39,0.3,2.51,12.052,11.762,11.632,84143.31,73950.96,64891.12
2018-07-06,11.74,12.37,11.95,11.68,96929.76,0.22,1.88,11.952,11.615,11.64,84192.39,71450.72,63775.5
2018-07-05,11.9,12.19,11.73,11.6,62736.66,-0.27,-2.25,11.94,11.496,11.663,82203.19,67109.82,60981.69
2018-07-04,12.12,12.25,12.0,11.8,80915.44,-0.33,-2.68,11.836,11.361,11.706,78304.86,66888.18,60166.57
2018-07-03,11.68,12.68,12.33,11.56,108587.31,0.58,4.94,11.68,11.279,11.744,73299.41,64019.06,59343.29
2018-07-02,11.81,11.94,11.75,11.45,71792.79,-0.14,-1.18,11.472,11.15,11.737,63758.6,60471.65,56030.01
2018-06-29,11.26,11.98,11.89,11.23,86983.74,0.68,6.07,11.278,11.193,11.751,58709.05,59112.14,55651.47
2018-06-28,11.2,11.45,11.21,11.1,43245.0,-0.01,-0.09,11.052,11.229,11.783,52016.45,55996.67,55003.62
2018-06-27,11.39,11.49,11.22,11.19,55888.22,-0.07,-0.62,10.886,11.33,11.853,55471.51,59111.51,57631.11
2018-06-26,10.53,11.38,11.29,10.5,60883.24,0.51,4.73,10.878,11.426,11.933,54738.71,57864.61,57158.83
2018-06-25,10.91,11.07,10.78,10.77,46545.04,0.02,0.19,10.828,11.502,12.01,57184.71,55831.29,57566.9
2018-06-22,10.25,10.84,10.76,10.21,53520.75,0.38,3.66,11.108,11.665,12.141,59515.23,56100.29,62102.27
2018-06-21,11.1,11.24,10.38,10.37,60520.3,-0.8,-7.16,11.406,11.83,12.322,59976.88,54853.56,64736.72
2018-06-20,11.04,11.48,11.18,10.83,52224.2,0.14,1.27,11.774,12.05,12.516,62751.52,53444.95,67585.73
2018-06-19,11.86,12.28,11.04,10.96,73113.25,-1.14,-9.36,11.974,12.209,12.669,60990.52,54667.52,68864.06
2018-06-15,12.31,12.4,12.18,11.94,58197.65,-0.07,-0.57,12.176,12.323,12.826,54477.88,51588.36,69562.53
2018-06-14,12.0,12.5,12.25,11.91,55829.0,0.03,0.24,12.222,12.309,12.908,52685.34,52190.81,71097.56
2018-06-13,12.26,12.68,12.22,12.05,74393.48,0.04,0.33,12.254,12.336,13.003,49730.24,54010.58,73056.07
2018-06-12,12.03,12.27,12.18,11.77,43419.23,0.13,1.08,12.326,12.375,13.085,44138.39,56150.7,74334.68
2018-06-11,12.29,12.43,12.05,11.97,40550.02,-0.36,-2.9,12.444,12.439,13.207,48344.52,56453.04,76779.97
2018-06-08,12.44,12.55,12.41,12.01,49234.97,0.0,0.0,12.47,12.517,13.327,48698.84,59302.51,79815.32
2018-06-07,12.65,12.75,12.41,12.4,41053.5,-0.17,-1.35,12.396,12.616,13.432,51696.28,68104.26,86720.91
2018-06-06,12.77,12.77,12.58,12.51,46434.24,-0.19,-1.49,12.418,12.814,13.598,58290.92,74619.88,93658.35
2018-06-05,12.23,12.78,12.77,12.16,64449.87,0.59,4.84,12.424,12.981,13.737,68163.0,81726.51,100359.51
2018-06-04,12.2,12.45,12.18,11.99,42321.61,0.14,1.16,12.434,13.129,14.283,64561.56,83060.59,102664.12
2018-06-01,12.45,12.61,12.04,11.83,64222.18,-0.48,-3.83,12.564,13.328,14.866,69906.18,87536.7,107483.84
2018-05-31,12.8,12.84,12.52,12.12,74026.7,-0.09,-0.71,12.836,13.506,15.373,84512.23,90004.32,112076.58
2018-05-30,12.8,13.39,12.61,12.48,95794.66,-0.21,-1.64,13.21,13.669,15.898,90948.83,92101.56,115818.68
2018-05-29,12.84,13.13,12.82,12.8,46442.66,-0.01,-0.08,13.538,13.794,16.315,95290.01,92518.67,116542.99
2018-05-28,13.45,13.48,12.83,12.79,69044.69,-0.57,-4.25,13.824,13.975,16.744,101559.62,97106.9,121137.57
2018-05-25,14.3,14.3,13.4,13.39,137252.44,-0.99,-6.88,14.092,14.136,17.152,105167.22,100328.13,124898.42
2018-05-24,14.23,14.66,14.39,14.15,106209.71,0.14,0.98,14.176,14.247,17.53,95496.4,105337.57,125481.69
2018-05-23,14.18,14.54,14.25,13.92,117500.56,0.0,0.0,14.128,14.381,17.782,93254.29,112696.81,124030.1
2018-05-22,14.1,14.29,14.25,13.99,77790.7,0.08,0.56,14.05,14.492,18.012,89747.32,118992.5,123252.09
2018-05-21,13.96,14.36,14.17,13.78,87082.69,0.35,2.53,14.126,15.437,18.301,92654.18,122267.65,126662.22
2018-05-18,14.01,14.22,13.82,13.52,88898.36,-0.33,-2.33,14.18,16.404,18.639,95489.04,127430.99,132435.86
2018-05-17,13.97,14.47,14.15,13.93,94999.16,0.29,2.09,14.318,17.239,18.975,115178.73,134148.84,132375.09
2018-05-16,14.46,14.5,13.86,13.83,99965.68,-0.77,-5.26,14.634,18.127,19.201,132139.33,139535.8,130606.78
2018-05-15,14.56,14.73,14.63,14.25,92325.02,0.19,1.32,14.934,18.835,19.506,148237.69,140567.32,128378.37
2018-05-14,14.39,14.76,14.44,14.14,101256.97,-0.07,-0.48,16.748,19.512,19.774,151881.11,145168.23,126819.81
2018-05-11,15.66,15.7,14.51,14.39,187346.84,-1.22,-7.76,18.628,20.168,20.026,159372.94,149468.7,123794.74
2018-05-10,15.38,15.87,15.73,15.15,179802.16,0.37,2.41,20.16,20.812,20.269,153118.95,145625.82,117384.8
2018-05-09,15.58,16.05,15.36,15.12,180457.45,-0.31,-1.98,21.62,21.183,20.437,146932.26,135363.38,110476.35
2018-05-08,23.4,23.87,23.7,22.85,110542.14,-0.14,-0.59,22.736,21.532,20.614,132896.94,127511.67,103377.27
2018-05-07,22.38,23.92,23.84,22.1,138716.09,1.67,7.53,22.276,21.165,20.375,138455.35,131056.8,100608.17
2018-05-04,23.6,23.75,22.17,22.12,156076.91,-0.86,-3.73,21.708,20.874,20.128,139564.47,137440.72,96678.69
2018-05-03,20.87,23.03,23.03,20.51,148868.7,2.09,9.98,21.464,20.711,19.986,138132.69,130601.33,93736.27
2018-05-02,21.77,22.15,20.94,20.41,110280.88,-0.46,-2.15,20.746,20.275,19.773,123794.5,121677.77,90044.51
2018-04-27,21.8,22.99,21.4,21.0,138334.19,0.4,1.91,20.328,20.176,19.625,122126.4,116189.41,86930.91
2018-04-26,20.7,22.3,21.0,20.7,144261.66,0.05,0.24,20.054,20.036,19.447,123658.24,108471.39,83074.46
2018-04-25,19.29,21.38,20.95,19.22,148918.02,1.51,7.77,20.04,19.883,19.282,135316.98,98120.79,79024.03
2018-04-24,18.89,19.73,19.44,18.89,77177.73,0.59,3.13,19.958,19.726,19.09,123069.97,89143.79,73990.61
2018-04-23,20.02,20.18,18.85,18.5,101940.42,-1.18,-5.89,19.804,19.69,18.924,119561.04,85589.31,72894.68
2018-04-20,19.5,20.78,20.03,19.2,145993.38,-0.9,-4.3,20.024,19.695,18.864,110252.42,79242.87,70334.74
2018-04-19,21.48,22.43,20.93,20.66,202555.34,0.39,1.9,20.018,19.585,18.737,93284.53,70159.54,66192.59
2018-04-18,19.02,20.54,20.54,18.8,87682.98,1.87,10.02,19.726,19.382,18.58,60924.6,55916.66,60394.23
2018-04-17,20.08,20.23,18.67,18.62,59633.09,-1.28,-6.42,19.494,19.261,18.417,55217.6,56871.22,57984.03
2018-04-16,19.9,20.38,19.95,19.52,55397.33,-0.05,-0.25,19.576,19.27,18.324,51617.59,58411.24,56572.23
2018-04-13,19.49,20.09,20.0,19.49,61153.93,0.53,2.72,19.366,19.073,18.185,48233.32,57672.41,55999.98
2018-04-12,19.25,19.77,19.47,19.17,40755.65,0.09,0.46,19.152,18.858,18.048,47034.55,57677.54,54485.08
2018-04-11,19.2,19.96,19.38,19.08,59148.0,0.3,1.57,19.038,18.681,17.957,50908.73,59927.28,54459.49
2018-04-10,18.91,19.08,19.08,18.36,41633.02,0.18,0.95,19.028,18.454,17.875,58524.84,58837.44,54179.15
2018-04-09,18.8,19.2,18.9,18.23,38476.0,-0.03,-0.16,18.964,18.158,17.801,65204.9,60200.04,55060.06
2018-04-04,19.0,19.41,18.93,18.75,55160.08,0.03,0.16,18.78,18.033,17.704,67111.51,61426.6,54746.29
2018-04-03,18.9,18.99,18.9,18.5,60126.55,-0.43,-2.23,18.564,17.888,17.596,68320.53,62225.65,54225.61
2018-04-02,18.92,19.96,19.33,18.74,97228.54,0.57,3.04,18.324,17.778,17.5,68945.83,64871.79,54382.96
2018-03-30,17.88,18.96,18.76,17.88,75033.34,0.78,4.34,17.88,17.573,17.392,59150.05,59096.84,51816.12
2018-03-29,17.9,18.11,17.98,17.6,48009.02,0.13,0.73,17.352,17.377,17.283,55195.18,54733.23,50235.71
2018-03-28,17.5,18.07,17.85,17.31,61205.21,0.15,0.85,17.286,17.297,17.231,55741.7,54327.54,51131.19
2018-03-27,17.21,17.85,17.7,17.19,63253.02,0.59,3.45,17.212,17.237,17.154,56130.76,51292.62,51195.49
2018-03-26,15.94,17.13,17.11,15.93,48249.64,0.99,6.14,17.232,17.233,17.079,60797.76,48991.7,51612.39
2018-03-23,17.0,17.32,16.12,15.96,55259.02,-1.53,-8.67,17.266,17.296,17.049,59043.64,49520.85,53093.08
2018-03-22,17.55,17.97,17.65,17.5,50741.6,0.17,0.97,17.402,17.443,16.993,54271.27,49920.07,51506.71
2018-03-21,18.04,18.25,17.48,17.45,63150.52,-0.32,-1.8,17.308,17.374,16.862,52913.39,48065.98,50406.62
2018-03-20,18.89,19.0,17.8,17.73,86588.01,0.52,3.01,17.262,17.303,16.714,46454.48,46225.58,48270.9
2018-03-19,16.9,17.57,17.28,16.78,39479.06,0.48,2.86,17.234,17.222,16.567,37185.63,43894.13,45577.94
2018-03-16,17.12,17.26,16.8,16.64,31397.15,-0.38,-2.21,17.326,17.211,16.463,39998.06,44535.4,45448.6
2018-03-15,17.09,17.33,17.18,16.49,43952.19,-0.07,-0.41,17.484,17.188,16.359,45568.88,45738.19,46023.51
2018-03-14,17.58,17.78,17.25,17.24,30855.99,-0.41,-2.32,17.44,17.165,16.241,43218.58,47934.84,45668.55
2018-03-13,17.84,17.99,17.66,17.41,40243.77,-0.08,-0.45,17.344,17.07,16.103,45996.68,51098.36,46224.05
2018-03-12,17.66,18.15,17.74,17.48,53541.18,0.15,0.85,17.21,16.924,15.926,50602.64,54233.08,46476.23
2018-03-09,16.85,17.7,17.59,16.85,59251.26,0.63,3.71,17.096,16.801,15.824,49072.74,56665.31,44597.6
2018-03-08,16.76,16.98,16.96,16.6,32200.69,0.19,1.13,16.892,16.543,15.746,45907.49,53093.34,42977.06
2018-03-07,16.88,17.29,16.77,16.71,44746.51,-0.22,-1.29,16.89,16.35,15.688,52651.1,52747.25,43975.74
2018-03-06,17.06,17.82,16.99,16.85,63273.54,-0.18,-1.05,16.796,16.124,15.71,56200.04,50316.21,44362.69
2018-03-05,16.6,17.21,17.17,16.54,45891.71,0.6,3.62,16.638,15.911,15.816,57863.52,47261.75,42258.75
2018-03-02,16.8,17.1,16.57,16.51,43425.01,-0.38,-2.24,16.506,15.714,15.922,64257.88,46361.79,41498.89
2018-03-01,16.02,17.18,16.95,16.02,65918.73,0.65,3.99,16.194,15.53,16.089,60279.18,46308.84,40748.09
2018-02-28,15.92,16.64,16.3,15.8,62491.19,0.1,0.62,15.81,15.317,16.228,52843.4,43402.26,39918.65
2018-02-27,16.51,16.72,16.2,16.09,71590.98,-0.31,-1.88,15.452,15.135,16.412,44432.39,41349.74,39578.92
2018-02-26,15.11,16.51,16.51,15.11,77863.5,1.5,9.99,15.184,14.928,16.571,36659.98,38719.39,37494.69
2018-02-23,14.96,15.14,15.01,14.77,23531.52,-0.02,-0.13,14.922,14.847,16.73,28465.71,32529.88,35598.67
2018-02-22,14.77,15.2,15.03,14.67,28739.8,0.52,3.58,14.866,14.948,16.946,32338.49,32860.79,35897.35
2018-02-14,14.87,14.92,14.51,14.4,20436.16,-0.35,-2.35,14.824,15.026,17.168,33961.13,35204.23,35908.96
2018-02-13,15.13,15.55,14.86,14.85,32728.94,-0.34,-2.24,14.818,15.295,17.435,38267.09,38409.16,37513.63
2018-02-12,14.75,15.31,15.2,14.75,36892.11,0.47,3.19,14.672,15.72,17.668,40778.79,37255.75,37966.09
2018-02-09,14.2,15.07,14.73,14.02,42895.46,-0.09,-0.61,14.772,16.129,17.881,36594.06,36635.98,40044.01
2018-02-08,14.36,15.08,14.82,14.25,36852.98,0.34,2.35,15.03,16.648,18.206,33383.08,35187.34,41099.62
2018-02-07,14.55,14.97,14.48,13.5,41965.94,0.35,2.48,15.228,17.138,18.576,36447.34,36435.04,42894.94
2018-02-06,15.31,15.38,14.13,14.13,45287.46,-1.57,-10.0,15.772,17.688,18.947,38551.23,37808.1,43485.82
2018-02-05,15.72,16.0,15.7,15.57,15968.45,-0.32,-2.0,16.768,18.213,19.324,33732.72,36270.0,43220.2
2018-02-02,15.92,16.24,16.02,15.5,26840.56,0.21,1.33,17.486,18.613,19.639,36677.91,38667.46,45022.15
2018-02-01,16.95,17.14,15.81,15.5,52174.27,-1.39,-8.08,18.266,18.944,19.938,36991.6,38933.9,47602.81
2018-01-31,18.1,18.11,17.2,17.2,52485.43,-1.91,-9.99,19.048,19.309,20.293,36422.75,36613.68,49803.37
2018-01-30,19.23,19.44,19.11,19.0,21194.87,-0.18,-0.93,19.604,19.574,20.575,37064.96,36618.11,51087.95
2018-01-29,19.9,20.01,19.29,19.19,30694.4,-0.63,-3.16,19.658,19.616,20.758,38807.28,38676.42,53722.04
2018-01-26,19.84,20.06,19.92,19.71,28409.01,0.2,1.01,19.74,19.632,20.904,40657.0,43452.05,56230.96
2018-01-25,19.73,20.34,19.72,19.72,49330.02,-0.26,-1.3,19.622,19.764,20.986,40876.21,47011.9,57696.21
2018-01-24,19.4,20.14,19.98,19.11,55696.52,0.6,3.1,19.57,20.014,21.075,36804.62,49354.84,58484.74
2018-01-23,19.62,19.75,19.38,19.2,29906.43,-0.32,-1.62,19.544,20.206,21.173,36171.25,49163.55,59740.97
2018-01-22,19.08,19.84,19.7,18.83,39943.04,0.37,1.91,19.574,20.434,21.313,38545.56,50170.4,61577.98
2018-01-19,19.5,19.89,19.33,19.3,29505.05,-0.13,-0.67,19.524,20.664,21.474,46247.09,51376.85,64583.1
2018-01-18,19.61,19.81,19.46,19.37,28972.05,-0.39,-1.97,19.906,20.931,21.679,53147.59,56271.73,70417.04
2018-01-17,19.34,20.18,19.85,18.82,52529.68,0.32,1.64,20.458,21.277,21.831,61905.06,62993.05,75209.78
2018-01-16,19.45,19.85,19.53,19.16,41778.0,0.08,0.41,20.868,21.575,21.977,62155.84,65557.8,77312.12
2018-01-15,21.0,21.0,19.45,19.2,78450.65,-1.79,-8.43,21.294,21.899,22.131,61795.23,68767.66,80950.58
2018-01-12,22.19,22.27,21.24,21.22,64007.59,-0.98,-4.41,21.804,22.175,22.333,56506.62,69009.87,84175.64
2018-01-11,21.78,22.44,22.22,21.4,72759.4,0.32,1.46,21.956,22.208,22.465,59395.86,68380.52,91701.73
2018-01-10,21.51,22.07,21.9,21.18,53783.56,0.24,1.11,22.096,22.136,22.555,64081.04,67614.63,95581.35
2018-01-09,21.9,22.0,21.66,21.42,39974.94,-0.34,-1.54,22.282,22.139,22.552,68959.76,70318.39,98590.63
2018-01-08,22.08,22.19,22.0,21.41,52007.61,0.0,0.0,22.504,22.192,22.583,75740.1,72985.57,102053.81
2018-01-05,22.63,22.72,22.0,21.9,78453.77,-0.92,-4.01,22.546,22.284,22.584,81513.12,77789.34,106744.88
2018-01-04,22.75,23.39,22.92,22.57,96185.31,0.09,0.39,22.46,22.426,22.584,77365.19,84562.36,112109.79
2018-01-03,22.69,23.05,22.83,22.47,78177.17,0.06,0.26,22.176,22.384,22.5,71148.23,87426.52,114455.27
2018-01-02,22.17,22.79,22.77,21.66,73876.63,0.56,2.52,21.996,22.379,22.323,71677.02,89066.44,113642.81
2017-12-29,21.43,22.6,22.21,21.4,80872.71,0.64,2.97,21.88,22.362,22.21,70231.04,93133.5,112428.41
2017-12-28,21.47,22.06,21.57,21.35,57714.12,0.07,0.33,22.022,22.491,22.129,74065.57,99341.41,112614.64
2017-12-27,21.83,22.33,21.5,21.3,65100.5,-0.43,-1.96,22.392,22.722,22.037,91759.52,115022.94,112778.83
2017-12-26,22.19,22.35,21.93,21.16,80821.14,-0.26,-1.17,22.592,22.974,21.929,103704.8,123548.07,112318.17
2017-12-25,22.7,22.76,22.19,22.03,66646.71,-0.73,-3.19,22.762,22.965,21.813,106455.86,126862.88,111386.98
2017-12-22,23.11,23.41,22.92,22.45,100045.38,-0.5,-2.13,22.844,22.974,21.655,116035.96,131122.05,112824.41
2017-12-21,22.2,23.94,23.42,22.01,146183.88,0.92,4.09,22.96,22.884,21.566,124617.25,135700.43,112347.55
2017-12-20,22.5,23.26,22.5,21.89,124826.91,-0.28,-1.23,23.052,22.742,21.447,138286.35,139657.22,109191.86
2017-12-19,22.73,23.01,22.78,22.26,94576.43,0.18,0.8,23.356,22.615,21.397,143391.33,141484.03,108742.76
2017-12-18,23.22,23.33,22.6,22.06,114547.2,-0.9,-3.83,23.168,22.267,21.291,147269.89,138219.18,108327.13
2017-12-15,23.87,24.12,23.5,23.02,142951.84,-0.38,-1.59,23.104,22.057,21.221,146208.15,131723.31,106699.45
2017-12-14,24.55,24.79,23.88,23.47,214529.36,-0.14,-0.58,22.808,21.767,21.059,146783.6,125887.86,104391.48
2017-12-13,21.49,24.02,24.02,21.49,150351.81,2.18,9.98,22.432,21.351,20.961,141028.09,110534.73,97271.65
2017-12-12,22.03,22.76,21.84,21.8,113969.26,-0.44,-1.98,21.874,20.884,20.867,139576.73,101088.27,93569.46
2017-12-11,22.06,22.49,22.28,21.76,109238.47,0.26,1.18,21.366,20.66,20.904,129168.46,95911.08,93120.36
2017-12-08,21.75,22.79,22.02,21.65,145829.09,0.02,0.09,21.01,20.335,20.965,117238.48,94526.76,94429.38
2017-12-07,21.7,22.39,22.0,21.45,185751.81,0.77,3.63,20.726,20.247,21.02,104992.13,88994.68,96911.55
2017-12-06,19.12,21.23,21.23,19.11,143095.03,1.93,10.0,20.27,20.152,21.049,80041.36,78726.5,93752.38
2017-12-05,20.34,20.64,19.3,18.7,61927.88,-1.2,-5.85,19.894,20.178,21.013,62599.82,76001.5,89529.08
2017-12-04,20.79,20.8,20.5,20.07,49588.59,-0.1,-0.48,19.954,20.314,21.093,62653.7,78435.09,90965.21
2017-12-01,19.8,21.1,20.6,19.61,84597.34,0.88,4.46,19.66,20.384,21.116,71815.03,81675.58,95081.66
2017-11-30,19.19,20.23,19.72,19.16,60997.97,0.37,1.91,19.768,20.35,21.086,72997.23,82895.1,94538.8
2017-11-29,19.8,19.97,19.35,19.0,55887.3,-0.25,-1.28,20.034,20.57,21.036,77411.63,84008.57,92534.81
2017-11-28,18.64,19.68,19.6,18.64,62197.31,0.57,3.0,20.462,20.849,21.026,89403.18,86050.65,91508.47
2017-11-27,20.55,20.6,19.03,19.03,95395.24,-2.11,-9.98,20.674,21.148,20.985,94216.48,90329.65,89013.37
2017-11-24,20.8,21.93,21.14,20.61,90508.31,0.09,0.43,21.108,21.594,20.961,91536.13,94332.01,85143.84
2017-11-23,21.37,21.82,21.05,20.5,83070.01,-0.44,-2.05,20.932,21.793,20.864,92792.98,104828.42,81407.95
2017-11-22,20.6,22.16,21.49,20.5,115845.04,0.83,4.02,21.106,21.945,20.784,90605.51,108778.27,78471.52
2017-11-21,21.1,21.19,20.66,20.01,86263.79,-0.54,-2.55,21.236,21.848,20.669,82698.12,103056.66,73787.26
2017-11-20,20.21,21.28,21.2,19.9,81993.5,0.94,4.64,21.622,21.871,20.57,86442.81,103495.33,70468.18
2017-11-17,21.82,21.9,20.26,20.05,96792.56,-1.66,-7.57,22.08,21.847,20.465,97127.89,108487.74,67098.9
2017-11-16,22.0,22.49,21.92,21.6,72132.65,-0.22,-0.99,22.654,21.821,20.403,116863.87,106182.5,63201.1
2017-11-15,22.41,22.75,22.14,21.7,76308.09,-0.45,-1.99,22.784,21.502,20.247,126951.03,101061.05,60482.72
2017-11-14,23.1,23.38,22.59,22.4,104987.26,-0.9,-3.83,22.46,21.202,20.088,123415.21,96966.28,57898.87
2017-11-13,23.1,23.8,23.49,22.8,135418.89,0.36,1.56,22.12,20.821,19.941,120547.85,87697.1,53741.82
2017-11-10,22.97,24.38,23.13,22.62,195472.44,0.56,2.48,21.614,20.328,19.737,119847.59,75955.68,48618.6
2017-11-09,20.49,22.57,22.57,20.23,122568.46,2.05,9.99,20.988,19.935,19.599,95501.14,57987.47,40255.65
2017-11-08,20.85,20.94,20.52,20.47,58629.0,-0.37,-1.77,20.22,19.623,19.479,75171.07,48164.78,35371.14
2017-11-07,20.56,21.09,20.89,20.48,90650.48,-0.07,-0.33,19.944,19.489,19.453,70517.36,44517.86,34261.83
2017-11-06,19.99,21.22,20.96,19.81,131917.59,0.96,4.8,19.522,19.268,19.429,54846.35,37441.02,31372.74
2017-11-03,18.75,20.25,20.0,18.61,73740.16,1.27,6.78,19.042,19.082,19.401,32063.76,25710.06,26940.06
2017-11-02,19.03,19.2,18.73,18.69,20918.1,-0.41,-2.14,18.882,18.985,19.426,20473.81,20219.7,25322.55
2017-11-01,18.78,19.63,19.14,18.65,35360.46,0.36,1.92,19.026,18.992,19.502,21158.49,19904.39,27406.94
2017-10-31,18.48,18.83,18.78,18.48,12295.44,0.22,1.19,19.034,18.973,19.538,18518.36,18831.47,27428.74
2017-10-30,19.2,19.26,18.56,18.33,18004.62,-0.64,-3.33,19.014,19.06,19.584,20035.69,19786.53,28826.49
2017-10-27,19.38,19.55,19.2,19.09,15790.43,-0.25,-1.28,19.122,19.146,19.618,19356.36,21281.52,30287.52
2017-10-26,19.11,19.56,19.45,19.09,24341.5,0.27,1.41,19.088,19.263,19.67,19965.59,22523.82,32220.55
2017-10-25,18.72,19.19,19.18,18.7,22159.82,0.5,2.68,18.958,19.334,19.705,18650.29,22577.51,35499.44
2017-10-24,19.1,19.2,18.68,18.32,19882.06,-0.42,-2.2,18.912,19.416,19.779,19144.57,24005.81,41227.84
2017-10-23,19.03,19.3,19.1,19.0,14608.0,0.07,0.37,19.106,19.589,19.846,19537.37,25304.46,46506.24
2017-10-20,18.7,19.07,19.03,18.66,18836.55,0.23,1.22,19.17,19.72,19.838,23206.67,28170.05,47413.06
2017-10-19,19.1,19.12,18.8,18.62,17765.01,-0.15,-0.79,19.438,19.867,19.815,25082.05,30425.41,47524.2
2017-10-18,19.57,19.82,18.95,18.95,24631.22,-0.7,-3.56,19.71,20.012,19.809,26504.72,34909.49,48790.58
2017-10-17,19.3,19.91,19.65,19.3,21846.07,0.23,1.18,19.92,20.102,19.804,28867.04,36026.01,49198.72
2017-10-16,20.29,20.35,19.42,19.4,32954.51,-0.95,-4.66,20.072,20.108,19.733,31071.55,37866.45,50254.54
2017-10-13,20.2,20.6,20.37,20.08,28213.45,0.21,1.04,20.27,20.089,19.71,33133.43,39293.52,49590.95
2017-10-12,19.94,20.18,20.16,19.77,24878.37,0.16,0.8,20.296,20.077,19.641,35768.77,41917.28,49543.91
2017-10-11,20.31,20.4,20.0,19.71,36442.82,-0.41,-2.01,20.314,20.076,19.575,43314.25,48421.38,50907.42
2017-10-10,20.35,20.49,20.41,20.15,32868.59,0.0,0.0,20.284,20.142,19.537,43184.97,58449.87,51289.72
2017-10-09,20.7,20.75,20.41,20.28,43263.93,-0.09,-0.44,20.144,20.102,19.459,44661.36,67708.02,52101.33
2017-09-29,20.24,20.56,20.5,20.01,41390.13,0.25,1.24,19.908,19.956,19.354,45453.61,66656.07,51795.5
2017-09-28,19.72,20.57,20.25,19.62,62605.76,0.4,2.02,19.858,19.763,19.217,48065.78,64622.99,51208.7
2017-09-27,19.76,19.92,19.85,19.45,35796.42,0.14,0.71,19.838,19.606,19.099,53528.51,62671.67,48835.01
2017-09-26,19.24,19.74,19.71,19.02,40250.55,0.48,2.5,20.0,19.506,18.994,73714.78,62371.43,47731.79
2017-09-25,20.1,20.25,19.23,19.2,47225.18,-1.02,-5.04,20.06,19.357,18.896,90754.69,62642.63,46486.17
2017-09-22,20.05,20.55,20.25,19.7,54451.01,0.1,0.5,20.004,19.331,18.825,87858.54,59888.38,45230.05
2017-09-21,20.67,21.05,20.15,20.11,89919.37,-0.51,-2.47,19.668,19.204,18.692,81180.2,57170.55,43534.47
2017-09-20,19.7,21.2,20.66,19.37,136727.8,0.65,3.25,19.374,19.074,18.549,71814.83,53393.46,41615.38
2017-09-19,18.92,20.01,20.01,18.92,125450.08,1.06,5.59,19.012,18.931,18.43,51028.08,44129.57,36057.18
2017-09-18,18.46,18.99,18.95,18.41,32744.44,0.38,2.05,18.654,18.815,18.346,34530.58,36494.63,31630.11
2017-09-15,18.69,18.69,18.57,18.3,21059.33,-0.11,-0.59,18.658,18.752,18.345,31918.23,36934.93,30941.59
2017-09-14,18.92,19.19,18.68,18.49,43092.49,-0.17,-0.9,18.74,18.671,18.357,33160.89,37794.41,31007.92
2017-09-13,18.16,18.87,18.85,18.16,32794.05,0.63,3.46,18.774,18.592,18.367,34972.09,34998.36,30982.45
2017-09-12,18.95,18.96,18.22,18.16,42962.59,-0.75,-3.95,18.85,18.482,18.388,37231.06,33092.15,31533.33
2017-09-11,18.85,18.99,18.97,18.73,19682.68,-0.01,-0.05,18.976,18.435,18.441,38458.67,30329.71,31570.1
2017-09-08,18.88,18.99,18.98,18.6,27272.62,0.13,0.69,18.846,18.319,18.474,41951.63,30571.71,33771.44
2017-09-07,19.22,19.42,18.85,18.8,52148.51,-0.38,-1.98,18.602,18.18,18.493,42427.93,29898.39,35576.89
2017-09-06,18.69,19.23,19.23,18.65,44088.9,0.38,2.02,18.41,18.023,18.492,35024.63,29837.3,35579.8
2017-09-05,18.3,19.08,18.85,18.2,49100.66,0.53,2.89,18.114,17.928,18.48,28953.25,27984.78,35576.51
2017-09-04,17.76,18.49,18.32,17.76,37147.44,0.56,3.15,17.894,17.877,18.488,22200.75,26765.59,35190.9
2017-09-01,17.89,18.08,17.76,17.56,29654.13,-0.13,-0.73,17.792,17.938,18.517,19191.8,24948.25,36697.02
2017-08-31,17.75,17.98,17.89,17.75,15132.01,0.14,0.79,17.758,18.042,18.588,17368.84,24221.43,39813.19
2017-08-30,17.75,17.94,17.75,17.63,13732.0,0.0,0.0,17.636,18.141,18.614,24649.97,26966.53,41666.69
2017-08-29,17.81,18.11,17.75,17.71,15338.16,-0.06,-0.34,17.742,18.293,18.599,27016.32,29974.51,42023.37
2017-08-28,17.65,17.95,17.81,17.51,22102.68,0.22,1.25,17.86,18.447,18.595,31330.43,32810.48,42985.37
2017-08-25,17.29,17.64,17.59,17.21,20539.36,0.31,1.79,18.084,18.629,18.6,30704.7,36971.18,43307.15
2017-08-24,18.18,18.18,17.28,17.12,51537.63,-1.0,-5.47,18.326,18.806,18.613,31074.03,41255.4,43956.6
2017-08-23,18.39,18.57,18.28,18.2,25563.75,-0.06,-0.33,18.646,18.961,18.646,29283.1,41322.31,43888.13
2017-08-22,18.93,19.3,18.34,18.33,36908.75,-0.59,-3.12,18.844,19.032,18.585,32932.7,43168.24,44587.44
2017-08-21,18.74,19.09,18.93,18.7,18974.0,0.13,0.69,19.034,19.098,18.497,34290.53,43616.22,44405.44
2017-08-18,18.7,19.09,18.8,18.7,22386.0,-0.08,-0.42,19.174,19.095,18.364,43237.66,48445.79,44429.02
2017-08-17,19.18,19.18,18.88,18.7,42583.0,-0.39,-2.02,19.286,19.133,18.225,51436.78,55404.94,44088.25
2017-08-16,19.18,19.59,19.27,19.01,43811.76,-0.02,-0.1,19.276,19.086,18.089,53361.51,56366.85,42614.25
2017-08-15,19.49,19.6,19.29,19.08,43697.87,-0.34,-1.73,19.22,18.905,17.938,53403.78,54072.23,41326.93
2017-08-14,19.29,19.7,19.63,19.2,63709.66,0.27,1.4,19.162,18.743,17.784,52941.91,53160.25,39963.25
2017-08-11,18.62,19.38,19.36,18.37,63381.61,0.53,2.81,19.016,18.57,17.613,53653.93,49643.12,38214.39
2017-08-10,18.6,19.36,18.83,18.15,52206.66,-0.16,-0.84,18.98,18.419,17.545,59373.09,46657.8,35602.37
2017-08-09,18.88,19.55,18.99,18.71,44023.11,-0.01,-0.05,18.896,18.33,17.516,59372.18,46453.94,33740.33
2017-08-08,18.66,19.14,19.0,18.34,41388.5,0.1,0.53,18.59,18.137,17.469,54740.68,46006.64,32236.63
2017-08-07,18.3,19.04,18.9,18.13,67269.75,-0.28,-1.46,18.324,17.896,17.424,53378.59,45194.67,30838.75
2017-08-04,18.67,19.38,19.18,18.41,91977.44,0.77,4.18,18.124,17.632,17.404,45632.31,40412.24,28383.64
2017-08-03,17.4,18.5,18.41,17.29,52202.12,0.95,5.44,17.858,17.316,17.382,33942.5,32771.57,24517.37
2017-08-02,17.58,17.7,17.46,17.36,20865.6,-0.21,-1.19,17.764,17.091,17.392,33535.7,28861.66,22651.94
2017-08-01,17.9,17.9,17.67,17.31,34578.05,-0.23,-1.28,17.684,16.97,17.445,37272.59,28581.64,22292.0
2017-07-31,17.81,18.0,17.9,17.45,28538.33,0.05,0.28,17.468,16.824,17.477,37010.74,26766.26,21179.35
2017-07-28,17.85,18.27,17.85,17.8,33528.4,-0.09,-0.5,17.14,16.655,17.506,35192.17,26785.65,21026.61
2017-07-27,17.0,18.2,17.94,16.7,50168.14,0.88,5.16,16.774,16.671,17.548,31600.64,24546.95,20060.22
2017-07-26,16.45,17.34,17.06,16.45,39550.02,0.47,2.83,16.418,16.701,17.581,24187.62,21026.71,18332.88
2017-07-25,16.39,16.85,16.59,16.39,33268.8,0.33,2.03,16.256,16.8,17.673,19890.68,18466.62,17246.55
2017-07-24,15.83,16.26,16.26,15.71,19445.5,0.24,1.5,16.18,16.951,17.8,16521.78,16482.84,16446.09
2017-07-21,16.16,16.32,16.02,15.82,15570.76,-0.14,-0.87,16.17,17.175,17.93,18379.14,16355.05,16290.86
2017-07-20,16.26,16.54,16.16,16.16,13103.0,-0.09,-0.55,16.568,17.448,18.066,17493.25,16263.17,16116.01
2017-07-19,16.05,16.35,16.25,16.05,18065.35,0.04,0.25,16.984,17.692,18.193,17865.81,16442.22,16188.03
2017-07-18,16.35,16.35,16.21,15.79,16424.29,0.0,0.0,17.344,17.919,18.346,17042.56,16002.36,15836.61
2017-07-17,17.91,17.91,16.21,16.21,28732.28,-1.8,-9.99,17.722,18.129,18.496,16443.91,15592.43,15633.89
2017-07-14,18.3,18.36,18.01,17.94,11141.32,-0.23,-1.26,18.18,18.356,18.637,14330.95,15267.57,14740.52
2017-07-13,18.19,18.37,18.24,18.1,14965.8,0.19,1.05,18.328,18.425,18.68,15033.09,15573.49,14658.38
2017-07-12,18.08,18.19,18.05,17.7,13949.11,-0.05,-0.28,18.4,18.461,18.71,15018.63,15639.04,14715.2
2017-07-11,18.46,18.54,18.1,18.09,13431.03,-0.4,-2.16,18.494,18.546,18.725,14962.16,16026.48,14388.2
2017-07-10,18.65,18.72,18.5,18.25,18167.51,-0.25,-1.33,18.536,18.649,18.735,14740.96,16409.34,14312.43
2017-07-07,18.59,18.75,18.75,18.34,14651.98,0.15,0.81,18.532,18.684,18.7,16204.18,16226.68,14076.68
2017-07-06,18.54,18.79,18.6,18.43,14893.51,0.08,0.43,18.522,18.684,18.693,16113.9,15968.84,13977.27
2017-07-05,18.38,18.52,18.52,18.2,13666.79,0.21,1.15,18.522,18.694,18.701,16259.45,15933.83,13696.22
2017-07-04,18.43,18.49,18.31,18.2,12325.0,-0.17,-0.92,18.598,18.772,18.724,17090.79,15670.85,13709.61
2017-07-03,18.3,18.53,18.48,18.08,25483.64,-0.22,-1.18,18.762,18.862,18.724,18077.73,15675.35,13447.15
2017-06-30,18.62,18.78,18.7,18.32,14200.56,0.1,0.54,18.836,18.917,18.718,16249.18,14213.48,12641.31
2017-06-29,18.66,18.87,18.6,18.59,15621.26,-0.3,-1.59,18.846,18.934,18.696,15823.79,13743.26,12694.25
2017-06-28,19.1,19.13,18.9,18.55,17823.48,-0.23,-1.2,18.866,18.958,18.645,15608.21,13791.36,12601.06
2017-06-27,18.76,19.13,19.13,18.76,17259.7,0.28,1.49,18.946,18.904,18.621,14250.91,12749.93,12230.18
2017-06-26,18.83,18.99,18.85,18.49,16340.91,0.1,0.53,18.962,18.821,18.603,13272.97,12215.52,11812.75
2017-06-23,18.99,18.99,18.75,18.34,12073.59,0.05,0.27,18.998,18.716,18.597,12177.78,11926.67,11632.24
2017-06-22,19.17,19.17,18.7,18.65,14543.39,-0.6,-3.11,19.022,18.702,18.598,11662.73,11985.7,11556.65
2017-06-21,19.2,19.3,19.3,18.91,11036.95,0.09,0.47,19.05,18.707,18.564,11974.51,11458.61,11369.4
2017-06-20,19.05,19.38,19.21,18.93,12370.02,0.18,0.95,18.862,18.675,18.534,11248.94,11748.36,11295.53
2017-06-19,18.87,19.03,19.03,18.65,10864.94,0.16,0.85,18.68,18.585,18.552,11158.06,11218.94,11177.55
2017-06-16,18.81,18.99,18.87,18.79,9498.33,0.03,0.16,18.434,18.519,18.598,11675.56,11069.15,11172.24
2017-06-15,18.34,19.03,18.84,18.29,16102.32,0.48,2.61,18.382,18.457,18.659,12308.67,11645.25,11447.38
2017-06-14,18.29,18.41,18.36,18.08,7409.11,0.06,0.33,18.364,18.332,18.723,10942.71,11410.77,11481.99
2017-06-13,17.78,18.43,18.3,17.78,11915.59,0.5,2.81,18.488,18.338,18.743,12247.78,11710.44,11432.0
2017-06-12,18.39,18.44,17.8,17.74,13452.43,-0.81,-4.35,18.49,18.384,18.756,11279.83,11409.99,11222.58
2017-06-09,18.8,18.8,18.61,18.28,12663.88,-0.14,-0.75,18.604,18.478,18.791,10462.74,11337.82,11118.58
2017-06-08,19.01,19.1,18.75,18.65,9272.55,-0.23,-1.21,18.532,18.494,18.806,10981.84,11127.6,11117.03
2017-06-07,18.35,18.98,18.98,18.28,13934.47,0.67,3.66,18.3,18.42,18.834,11878.82,11280.19,11088.73
2017-06-06,18.22,18.4,18.31,18.16,7075.8,-0.06,-0.33,18.188,18.392,18.83,11173.1,10842.7,10905.13
2017-06-05,18.27,18.59,18.37,18.0,9366.98,0.12,0.66,18.278,18.519,18.89,11540.15,11136.16,11085.05
2017-06-02,17.7,18.45,18.25,17.28,15259.38,0.66,3.75,18.352,18.676,18.966,12212.9,11275.33,11314.36
2017-06-01,18.55,18.56,17.59,17.4,13757.46,-0.83,-4.51,18.456,18.861,19.04,11273.37,11249.51,11218.09
2017-05-31,19.05,19.33,18.42,18.38,10405.88,-0.34,-1.81,18.54,19.113,19.145,10681.56,11553.22,11251.35
2017-05-26,18.51,18.97,18.76,18.51,8911.03,0.02,0.11,18.596,19.147,19.219,10512.3,11153.57,11494.12
2017-05-25,18.75,18.83,18.74,18.0,12730.75,-0.03,-0.16,18.76,19.127,19.248,10732.17,11035.18,11767.36
2017-05-24,17.92,18.77,18.77,17.88,10561.72,0.76,4.22,19.0,19.103,19.239,10337.75,10899.35,11544.0
2017-05-23,18.62,18.76,18.01,18.0,10798.43,-0.69,-3.69,19.266,19.118,19.216,11225.64,11106.45,11544.22
2017-05-22,19.64,19.64,18.7,18.55,9559.58,-0.88,-4.49,19.686,19.247,19.223,12424.87,10897.27,11733.37
2017-05-19,19.95,20.04,19.58,19.52,10010.35,-0.36,-1.8,19.698,19.267,19.249,11794.83,10967.56,11732.38
2017-05-18,19.84,20.29,19.94,19.8,10758.68,-0.16,-0.8,19.494,19.261,19.237,11338.19,11033.94,12205.55
2017-05-17,20.02,20.38,20.1,19.72,15001.17,-0.01,-0.05,19.206,19.256,19.244,11460.94,11353.39,12411.64
2017-05-16,18.78,20.16,20.11,18.54,16794.59,1.35,7.2,18.97,19.218,19.244,10987.25,11186.68,12567.87
2017-05-15,18.66,18.79,18.76,18.5,6409.35,0.2,1.08,18.808,19.177,19.312,9369.67,10949.49,12661.49
2017-05-12,18.49,18.56,18.56,18.08,7727.17,0.06,0.32,18.836,19.291,19.482,10140.29,11834.67,13081.48
2017-05-11,18.89,18.89,18.5,17.8,11372.42,-0.37,-1.96,19.028,19.368,19.686,10729.69,12499.54,13123.09
2017-05-10,19.37,19.63,18.92,18.82,12632.74,-0.38,-1.97,19.306,19.374,19.881,11245.83,12188.65,13352.81
2017-05-09,18.9,19.47,19.3,18.65,8706.65,0.4,2.12,19.466,19.313,20.093,11386.1,11981.99,13291.68
2017-05-08,19.49,19.68,18.9,18.53,10262.48,-0.62,-3.18,19.546,19.199,20.254,12529.3,12569.47,13973.13
2017-05-05,19.79,19.96,19.52,19.29,10674.14,-0.37,-1.86,19.746,19.23,20.457,13529.04,12497.21,13898.66
2017-05-04,19.6,20.24,19.89,19.51,13953.16,0.17,0.86,19.708,19.213,20.63,14269.4,13377.17,14001.58
2017-05-03,19.85,19.94,19.72,19.36,13334.05,0.02,0.1,19.442,19.231,20.784,13131.47,13469.89,14303.89
2017-05-02,19.65,20.27,19.7,19.65,14422.69,-0.2,-1.0,19.16,19.269,20.908,12577.88,13949.06,14366.53
2017-04-28,19.25,20.24,19.9,19.21,15261.15,0.57,2.95,18.852,19.447,21.019,12609.63,14373.5,14552.58
2017-04-27,18.44,19.45,19.33,18.23,14375.95,0.77,4.15,18.714,19.673,21.154,11465.38,14328.3,14774.97
2017-04-26,18.49,18.66,18.56,18.23,8263.51,0.25,1.36,18.718,20.004,21.352,12484.93,13746.63,14665.91
2017-04-25,18.17,18.58,18.31,18.16,10566.09,0.15,0.83,19.02,20.388,21.582,13808.31,14516.96,15211.04
2017-04-24,19.22,19.22,18.16,17.81,14581.45,-1.05,-5.47,19.378,20.873,21.855,15320.23,14601.37,15201.0
2017-04-21,19.39,19.49,19.21,19.16,9539.89,-0.14,-0.72,20.042,21.308,22.132,16137.37,15376.79,15076.51
2017-04-20,20.15,20.33,19.35,19.03,19473.72,-0.72,-3.59,20.632,21.684,22.357,17191.22,15300.11,15416.9
2017-04-19,20.01,20.23,20.07,19.42,14880.39,-0.03,-0.15,21.29,22.047,22.591,15008.33,14626.0,15632.65
2017-04-18,21.69,21.8,20.1,20.1,18125.72,-1.38,-6.42,21.756,22.337,22.815,15225.61,15137.89,16228.78
2017-04-17,22.01,22.21,21.48,21.05,18667.12,-0.68,-3.07,22.368,22.546,23.017,13882.51,14784.01,16932.16
2017-04-14,22.6,22.88,22.16,22.06,14809.13,-0.48,-2.12,22.574,22.591,23.144,14616.21,14731.67,17122.75
2017-04-13,22.45,22.8,22.64,22.31,8559.27,0.24,1.07,22.736,22.635,23.227,13409.0,15221.65,16953.92
2017-04-12,23.08,23.23,22.4,22.4,15966.8,-0.76,-3.28,22.804,22.7,23.289,14243.67,15585.2,17428.23
2017-04-11,22.65,23.16,23.16,22.61,11410.21,0.65,2.89,22.918,22.775,23.368,15050.16,15905.13,17677.01
2017-04-10,23.07,23.35,22.51,22.51,22335.66,-0.46,-2.0,22.724,22.836,23.398,15685.51,15800.63,18059.07
2017-04-07,23.03,23.09,22.97,22.88,8773.08,-0.01,-0.04,22.608,22.956,23.482,14847.12,14776.22,17829.58
2017-04-06,23.03,23.15,22.98,22.78,12732.61,0.01,0.04,22.534,23.029,23.547,17034.3,15533.69,18697.26
2017-04-05,22.27,23.01,22.97,21.98,19999.26,0.78,3.52,22.596,23.135,23.594,16926.72,16639.3,18914.88
2017-03-31,22.15,22.46,22.19,21.61,14586.92,0.26,1.19,22.632,23.293,23.641,16760.1,17319.68,19146.34
2017-03-30,22.73,22.8,21.93,21.87,18143.72,-0.67,-2.96,22.948,23.487,23.704,15915.76,19080.32,19328.81
2017-03-29,23.39,23.39,22.6,22.6,19708.97,-0.69,-2.96,23.304,23.696,23.779,14705.32,19513.83,19575.53
2017-03-28,23.16,23.49,23.29,23.15,12194.73,0.14,0.6,23.524,23.819,23.82,14033.09,18686.19,20700.45
2017-03-27,23.77,23.84,23.15,23.08,19166.14,-0.62,-2.61,23.674,23.877,23.864,16351.87,19271.26,21472.31
2017-03-24,23.72,23.86,23.77,23.64,10365.23,0.06,0.25,23.954,23.96,23.897,17879.26,19448.89,21627.67
2017-03-23,23.8,23.9,23.71,23.44,12091.54,0.01,0.04,24.026,23.959,23.9,22244.88,20317.51,21876.0
2017-03-22,23.91,23.98,23.7,23.42,16347.79,-0.34,-1.41,24.088,24.008,23.899,24322.33,20882.95,22239.2
2017-03-21,24.6,24.61,24.04,23.91,23788.65,-0.51,-2.08,24.114,24.064,23.913,23339.29,21860.83,21973.85
2017-03-20,24.26,24.57,24.55,24.01,26803.08,0.42,1.74,24.08,24.053,23.905,22190.64,21190.46,21398.44
2017-03-17,24.14,24.43,24.13,23.97,32193.32,0.11,0.46,23.966,23.988,23.876,21018.52,20972.99,20765.28
2017-03-16,23.87,24.34,24.02,23.84,22478.82,0.19,0.8,23.892,23.921,23.863,18390.14,19577.3,19743.88
2017-03-15,23.87,24.08,23.83,23.78,11432.6,-0.04,-0.17,23.928,23.861,23.845,17443.56,19637.23,19276.95
2017-03-14,23.98,24.15,23.87,23.75,18045.4,-0.11,-0.46,24.014,23.82,23.826,20382.36,22714.72,19268.76
2017-03-13,23.76,24.02,23.98,23.41,20942.46,0.22,0.93,24.026,23.85,23.804,20190.27,23673.36,19082.96
2017-03-10,24.11,24.33,23.76,23.76,19051.4,-0.44,-1.82,24.01,23.833,23.744,20927.47,23806.44,18459.09
2017-03-09,24.22,24.45,24.2,24.12,17745.93,-0.06,-0.25,23.95,23.84,23.695,20764.46,23434.49,17506.57
2017-03-08,23.93,24.38,24.26,23.81,26126.59,0.33,1.38,23.794,23.79,23.623,21830.91,23595.45,17068.34
2017-03-07,23.92,24.06,23.93,23.75,17084.98,0.03,0.13,23.626,23.761,23.539,25047.08,22086.87,16307.64
2017-03-06,23.65,23.9,23.9,23.38,24628.43,0.44,1.88,23.674,23.757,23.468,27156.44,21606.43,16108.7
2017-03-03,23.44,23.66,23.46,23.32,18236.37,0.04,0.17,23.656,23.763,23.41,26685.42,20557.57,15720.13
2017-03-02,23.38,23.63,23.42,23.2,23078.17,0.0,0.0,23.73,23.804,23.374,26104.51,19910.47,15625.78
2017-03-01,23.94,24.17,23.42,23.41,42207.44,-0.75,-3.1,23.786,23.828,23.295,25360.0,18916.67,15007.25
2017-02-28,23.98,25.0,24.17,23.85,27631.78,0.36,1.51,23.896,23.831,23.209,19126.66,15822.81,13795.89
2017-02-17,23.85,24.6,23.81,23.74,22273.33,-0.02,-0.08,23.84,23.757,23.115,16056.42,14492.56,13595.82
2017-02-16,23.7,24.04,23.83,23.6,15331.84,0.13,0.55,23.87,23.655,23.028,14429.73,13111.75,13826.99
2017-02-15,23.99,24.25,23.7,23.6,19355.59,-0.27,-1.13,23.878,23.549,23.021,13716.43,11578.66,13982.72
2017-02-14,23.96,24.25,23.97,23.81,11040.77,0.08,0.34,23.87,23.455,23.042,12473.33,10541.22,13801.98
2017-02-13,23.9,24.24,23.89,23.64,12280.58,-0.07,-0.29,23.766,23.316,23.076,12518.96,10528.41,14279.56
2017-02-10,23.87,24.05,23.96,23.61,14139.85,0.09,0.38,23.674,23.178,23.159,12928.69,10610.97,15100.41
2017-02-09,23.63,24.13,23.87,23.59,11765.35,0.21,0.89,23.44,23.057,23.219,11793.76,10882.7,15293.66
2017-02-08,23.43,23.72,23.66,23.21,13140.12,0.21,0.9,23.22,22.944,23.25,9440.89,11341.08,15777.27
2017-02-07,23.33,23.79,23.45,23.11,11268.89,0.02,0.09,23.04,22.761,23.332,8609.1,11097.84,15859.55
2017-02-06,22.79,23.45,23.43,22.71,14329.24,0.64,2.81,22.866,22.587,23.426,8537.86,11768.97,16236.67
2017-02-03,22.8,22.8,22.79,22.25,8465.22,0.03,0.13,22.682,22.472,23.519,8293.25,12699.08,16512.67
2017-02-02,22.77,22.77,22.77,22.77,1.0,0.01,0.04,22.674,22.4,23.629,9971.63,14542.24,16858.41
2017-01-26,22.68,22.95,22.76,22.53,8981.17,0.18,0.8,22.668,22.493,23.74,13241.27,16386.78,17694.77
2017-01-25,22.52,22.74,22.58,22.3,10912.67,0.07,0.31,22.482,22.628,23.859,13586.57,17062.74,18645.7
2017-01-24,22.85,22.88,22.51,22.34,13106.17,-0.24,-1.05,22.308,22.836,23.953,15000.09,18030.72,18862.07
2017-01-23,22.4,23.24,22.75,22.24,16857.14,0.01,0.04,22.262,23.14,24.032,17104.92,19589.85,18923.19
2017-01-20,21.65,22.88,22.74,21.55,16349.19,0.91,4.17,22.126,23.38,24.068,19112.85,19704.63,19059.39
2017-01-19,21.78,21.83,21.83,21.34,10707.67,0.12,0.55,22.318,23.556,24.141,19532.3,20213.45,18764.07
2017-01-18,22.06,22.26,21.71,21.6,17980.26,-0.57,-2.56,22.774,23.903,24.264,20538.91,20621.27,19140.4
2017-01-17,21.74,22.49,22.28,21.21,23630.35,0.21,0.95,23.364,24.265,24.388,21061.34,20704.37,19352.36
2017-01-16,23.6,23.6,22.07,21.36,26896.79,-1.63,-6.88,24.018,24.566,24.45,22074.77,20326.26,18718.93
2017-01-13,24.26,24.3,23.7,23.5,18446.42,-0.41,-1.7,24.634,24.857,24.527,20296.4,19174.58,18243.96
2017-01-12,24.67,25.09,24.11,24.11,15740.71,-0.55,-2.23,24.794,24.987,24.497,20894.61,19002.76,18585.33
2017-01-11,25.39,25.6,24.66,24.5,20592.45,-0.89,-3.48,25.032,25.09,24.421,20703.64,20228.66,18602.58
2017-01-10,25.25,25.95,25.55,25.25,28697.48,0.4,1.59,25.166,25.07,24.321,20347.39,19693.42,18958.92
2017-01-09,24.48,25.18,25.15,24.44,18004.96,0.65,2.65,25.114,24.924,24.186,18577.75,18256.53,19730.86
2017-01-06,25.29,25.38,24.5,24.5,21437.43,-0.8,-3.16,25.08,24.756,24.178,18052.75,18414.15,19531.39
2017-01-05,25.33,25.43,25.3,25.21,14785.87,-0.03,-0.12,25.18,24.725,24.199,17110.9,17314.7,19712.41
2017-01-04,25.29,25.39,25.33,25.08,18811.23,0.04,0.16,25.148,24.625,24.203,19753.67,17659.52,20075.03
2017-01-03,25.24,25.39,25.29,24.98,19849.27,0.31,1.24,24.974,24.51,24.167,19039.45,18000.35,20190.6
2016-12-30,25.4,25.4,24.98,24.6,15379.96,-0.02,-0.08,24.734,24.334,24.132,17935.3,17111.6,20650.01
2016-12-29,25.14,25.27,25.0,24.74,16728.19,-0.14,-0.56,24.432,24.196,24.108,18775.55,17313.33,21383.02
2016-12-28,24.58,25.46,25.14,24.47,27999.72,0.68,2.78,24.27,24.007,24.14,17518.49,18167.91,21352.43
2016-12-27,24.0,24.53,24.46,24.0,15240.11,0.37,1.54,24.102,23.751,24.153,15565.37,16976.51,21106.67
2016-12-26,23.47,24.15,24.09,23.14,14328.51,0.62,2.64,24.046,23.572,24.186,16961.24,18224.43,22486.92
2016-12-23,24.03,24.13,23.47,23.31,19581.21,-0.72,-2.98,23.934,23.448,24.283,16287.9,21205.2,23478.01
2016-12-22,24.29,24.44,24.19,23.85,10442.89,-0.11,-0.45,23.96,23.6,24.449,15851.12,20648.63,24041.27
2016-12-21,24.17,24.88,24.3,24.03,18234.12,0.12,0.5,23.744,23.672,24.565,18817.33,22110.12,25891.19
2016-12-20,23.56,24.38,24.18,23.56,22219.48,0.65,2.76,23.4,23.781,24.731,18387.65,22490.54,26971.27
2016-12-19,23.5,23.63,23.53,23.22,10961.8,-0.07,-0.3,23.098,23.823,24.892,19487.61,22380.86,27491.8
2016-12-16,23.0,23.76,23.6,22.96,17397.29,0.49,2.12,22.962,23.93,25.074,26122.49,24188.41,28091.13
2016-12-15,22.57,23.47,23.11,22.27,25273.95,0.53,2.35,23.24,24.02,25.234,25446.15,25452.71,28622.68
2016-12-14,22.75,22.98,22.58,22.38,16085.75,-0.09,-0.4,23.6,24.272,25.42,25402.92,24536.94,29725.45
2016-12-13,22.76,22.95,22.67,22.21,27719.27,-0.18,-0.79,24.162,24.554,25.663,26593.42,25236.83,30808.12
2016-12-12,24.85,25.15,22.85,22.6,44136.21,-2.14,-8.56,24.548,24.799,25.901,25274.1,26749.42,31526.68
2016-12-09,24.93,25.17,24.99,24.91,14015.58,0.08,0.32,24.898,25.118,26.153,22254.33,25750.81,33355.2
2016-12-08,25.47,25.58,24.91,24.91,25057.78,-0.48,-1.89,24.8,25.297,26.246,25459.26,27433.91,37105.03
2016-12-07,24.62,25.58,25.39,24.62,22038.26,0.79,3.21,24.944,25.458,26.301,23670.97,29672.27,38825.34
2016-12-06,24.89,24.97,24.6,24.58,21122.68,0.0,0.0,24.946,25.68,26.295,23880.24,31451.99,40212.87
2016-12-05,24.36,25.13,24.6,24.02,29037.35,0.1,0.41,25.05,25.96,26.351,28224.73,32602.74,41188.56
2016-12-02,25.62,25.76,24.5,24.48,30040.24,-1.13,-4.41,25.338,26.217,26.391,29247.3,31993.84,43072.18
2016-12-01,25.48,25.7,25.63,25.28,16116.31,0.23,0.91,25.794,26.447,26.453,29408.55,31792.64,45356.39
2016-11-30,25.0,25.6,25.4,24.98,23084.6,0.28,1.11,25.972,26.568,26.434,35673.56,34913.95,48455.38
2016-11-29,26.01,26.15,25.12,24.95,42845.16,-0.92,-3.53,26.414,26.772,26.437,39023.75,36379.41,53366.07
2016-11-28,26.77,26.84,26.04,26.0,34150.17,-0.74,-2.76,26.87,27.003,26.36,36980.74,36303.94,54227.45
2016-11-25,26.37,26.88,26.78,25.88,30846.53,0.26,0.98,27.096,27.188,26.295,34740.39,40959.59,54559.67
2016-11-24,27.61,27.81,26.52,26.52,47441.36,-1.09,-3.95,27.1,27.195,26.213,34176.73,46776.15,55397.24
2016-11-23,27.45,27.88,27.61,27.2,39835.53,0.21,0.77,27.164,27.143,26.14,34154.33,47978.41,56228.95
2016-11-22,27.19,27.68,27.4,27.0,32630.11,0.23,0.85,27.13,26.909,26.021,33735.06,48973.74,57994.65
2016-11-21,26.8,27.17,27.17,26.71,22948.41,0.37,1.38,27.136,26.741,25.874,35627.13,49774.39,59457.53
2016-11-18,26.72,27.18,26.8,26.56,28028.25,-0.04,-0.15,27.28,26.564,25.752,47178.79,54150.52,60933.89
2016-11-17,27.32,27.47,26.84,26.63,47329.35,-0.6,-2.19,27.29,26.459,25.662,59375.56,58920.13,62714.63
2016-11-16,27.35,27.85,27.44,27.31,37739.19,0.01,0.04,27.122,26.3,25.55,61802.49,61996.82,63621.14
2016-11-15,27.69,27.93,27.43,27.15,42090.46,-0.46,-1.65,26.688,26.101,25.359,64212.41,70352.74,64374.0
2016-11-14,26.62,28.48,27.89,26.62,80706.72,1.04,3.87,26.346,25.717,25.176,63921.65,72150.97,65554.35
2016-11-11,25.9,27.66,26.85,25.9,89012.08,0.85,3.27,25.848,25.401,25.007,61122.25,68159.75,64192.77
2016-11-10,25.56,26.18,26.0,25.5,59464.01,0.73,2.89,25.628,25.231,24.885,58464.7,64018.32,62548.44
2016-11-09,25.7,25.8,25.27,24.74,49788.79,-0.45,-1.75,25.478,25.136,24.812,62191.15,64479.49,64530.29
2016-11-08,25.5,25.96,25.72,25.1,40636.66,0.32,1.26,25.514,25.133,24.793,76493.06,67015.57,66937.34
2016-11-07,25.79,26.48,25.4,25.34,66709.72,-0.35,-1.36,25.088,25.006,24.697,80380.29,69140.66,68320.33
2016-11-04,25.11,26.28,25.75,25.11,75724.33,0.5,1.98,24.954,24.94,24.612,75197.25,67717.25,68931.63
2016-11-03,25.15,25.68,25.25,25.01,78096.24,-0.2,-0.79,24.834,24.864,24.487,69571.95,66509.13,69221.32
2016-11-02,24.23,26.16,25.45,24.18,121298.36,1.29,5.34,24.794,24.799,24.411,66767.83,65245.46,71811.7
2016-10-28,24.72,24.8,23.59,23.49,60072.8,-1.14,-4.61,24.752,24.617,24.297,57538.08,58395.27,75634.17
2016-10-27,25.06,25.14,24.73,24.56,40794.52,-0.42,-1.67,24.924,24.634,24.406,57901.03,58957.72,86343.92
2016-10-26,24.96,25.32,25.15,24.86,47597.81,0.1,0.4,24.926,24.612,24.34,60237.25,60225.78,84361.33
2016-10-25,25.15,25.58,25.05,24.85,64075.66,-0.19,-0.75,24.894,24.539,24.147,63446.31,61078.55,82027.59
2016-10-24,24.43,25.39,25.24,24.25,75149.6,0.79,3.23,24.804,24.488,23.862,63723.1,64581.1,78887.19
2016-10-21,24.75,24.95,24.45,23.95,61887.56,-0.29,-1.17,24.482,24.453,23.492,59252.46,66859.11,77765.93
2016-10-20,25.03,25.18,24.74,24.65,52475.61,-0.25,-1.0,24.344,24.387,23.184,60014.41,67499.99,77005.5
2016-10-19,24.74,25.0,24.99,24.4,63643.13,0.39,1.58,24.298,24.283,22.839,60214.32,70146.01,76053.67
2016-10-18,23.69,24.74,24.6,23.6,65459.59,0.97,4.11,24.184,24.11,22.441,58710.79,71933.5,74208.92
2016-10-17,23.76,24.29,23.63,23.62,52796.4,-0.13,-0.55,24.172,24.022,22.042,65439.1,78377.94,73309.18
2016-10-14,24.31,24.37,23.76,23.52,65697.34,-0.75,-3.06,24.424,23.977,21.744,74465.77,92873.07,73497.77
2016-10-13,24.36,24.92,24.51,24.31,53475.12,0.09,0.37,24.43,24.177,21.416,74985.57,113730.11,72583.65
2016-10-12,24.35,24.45,24.42,24.06,56125.48,-0.12,-0.49,24.268,24.068,21.144,80077.71,108496.88,71762.76
2016-10-11,24.8,25.1,24.54,24.18,99101.14,-0.35,-1.41,24.036,23.755,20.863,85156.22,102976.63,70898.71
2016-10-10,24.09,25.19,24.89,23.76,97929.77,1.1,4.62,23.872,23.236,20.596,91316.79,93193.29,68482.01
2016-09-30,23.51,24.34,23.79,23.37,68296.36,0.09,0.38,23.53,22.531,20.283,111280.37,88672.74,65293.75
2016-09-29,23.26,23.95,23.7,23.14,78935.8,0.44,1.89,23.924,21.98,20.017,152474.65,86511.0,64395.43
2016-09-28,23.53,23.56,23.26,22.81,81518.04,-0.46,-1.94,23.868,21.394,19.787,136916.05,81961.32,63241.83
2016-09-27,22.85,24.09,23.72,22.61,129903.98,0.54,2.33,23.474,20.772,19.571,120797.04,76484.33,61799.3
2016-09-26,25.0,25.6,23.18,23.18,197747.69,-2.58,-10.02,22.6,20.062,19.278,95069.79,68240.43,56751.74
2016-09-23,25.76,25.76,25.76,24.8,274267.72,2.34,9.99,21.532,19.51,18.997,66065.11,54122.47,48199.63
2016-09-22,23.42,23.42,23.42,23.42,1142.82,2.13,10.01,20.036,18.654,18.598,20547.36,31437.18,37027.23
2016-09-21,21.29,21.29,21.29,21.29,923.0,1.94,10.03,18.92,18.22,18.283,27006.59,35028.64,39810.69
2016-09-20,19.35,19.35,19.35,19.35,1267.72,1.76,10.01,18.07,17.971,18.062,32171.62,38820.79,43714.54
2016-03-04,18.48,18.88,17.84,17.28,52724.29,-0.44,-2.41,17.524,17.955,17.878,41411.06,43770.73,45299.52
2016-03-03,17.9,18.58,18.28,17.8,46678.96,0.44,2.47,17.488,18.035,17.769,42179.83,41914.76,45148.83
2016-03-02,17.05,17.88,17.84,16.92,33438.98,0.8,4.7,17.272,18.054,17.592,42327.0,42279.86,44957.15
2016-03-01,16.6,17.5,17.04,16.44,26748.17,0.42,2.53,17.52,18.18,17.52,43050.68,44522.34,46969.74
2016-02-29,17.47,17.72,16.62,16.18,47464.91,-1.04,-5.89,17.872,18.369,17.523,45469.95,47114.27,47390.46
2016-02-26,17.45,17.86,17.66,17.1,56568.15,0.46,2.67,18.386,18.494,17.643,46130.4,45263.06,47594.93
2016-02-25,19.09,19.09,17.2,17.17,47414.81,-1.88,-9.85,18.582,18.484,17.73,41649.68,42276.79,48550.01
2016-02-24,18.8,19.25,19.08,18.1,37057.37,0.28,1.49,18.836,18.542,17.81,42232.72,42617.28,52013.91
2016-02-23,19.21,19.3,18.8,18.55,38844.52,-0.39,-2.03,18.84,18.345,17.764,45993.99,44592.75,54249.81
2016-02-22,18.95,19.69,19.19,18.78,50767.13,0.55,2.95,18.866,18.153,17.714,48758.59,48608.28,55198.99
2016-02-19,18.58,18.95,18.64,18.41,34164.55,0.17,0.92,18.602,17.801,17.583,44395.72,46828.3,54943.1
2016-02-18,19.13,19.37,18.47,18.42,50330.04,-0.63,-3.3,18.386,17.502,17.455,42903.91,48382.9,55862.16
2016-02-17,18.87,19.39,19.1,18.36,55863.73,0.17,0.9,18.248,17.13,17.425,43001.84,47634.44,55628.33
2016-02-16,17.8,19.43,18.93,17.8,52667.48,1.06,5.93,17.85,16.859,17.325,43191.5,49417.14,54410.06
2016-02-15,17.1,17.87,17.87,16.68,28952.78,0.31,1.76,17.44,16.677,17.293,48457.98,47666.65,53308.36
2016-02-05,18.0,18.0,17.56,17.5,26705.51,-0.22,-1.24,17.0,16.791,17.319,49260.89,49926.8,54307.79
2016-02-04,17.11,18.19,17.78,17.11,50819.68,0.67,3.92,16.618,16.975,17.463,53861.89,54823.24,56693.28
2016-02-03,16.5,17.29,17.11,16.02,56812.07,0.23,1.36,16.012,17.077,17.649,52267.04,61410.55,54842.55
2016-02-02,15.81,17.24,16.88,15.81,78999.85,1.21,7.72,15.868,17.182,17.989,55642.77,63906.86,57249.35
2016-02-01,15.7,16.29,15.67,15.36,32967.35,0.02,0.13,15.914,17.274,18.267,46875.33,61789.7,57146.58
2016-01-29,14.9,16.08,15.65,14.7,49710.49,0.9,6.1,16.582,17.365,18.731,50592.71,63057.89,58227.05
2016-01-28,15.96,16.22,14.75,14.75,42845.42,-1.64,-10.01,17.332,17.408,19.333,55784.58,63341.43,61989.73
2016-01-27,17.11,17.11,16.39,15.4,73690.73,-0.72,-4.21,18.142,17.72,19.979,70554.05,63622.23,66822.28
2016-01-26,18.72,18.99,17.11,17.11,35162.66,-1.9,-9.99,18.496,17.791,20.417,72170.96,59402.98,65504.26
2016-01-25,19.6,19.88,19.01,18.72,51554.26,-0.39,-2.01,18.634,17.909,20.776,76704.07,58950.07,66672.38
2016-01-22,19.1,19.74,19.4,18.45,75669.85,0.6,3.19,18.148,17.847,21.042,75523.07,58688.79,66274.58
2016-01-21,17.7,19.98,18.8,17.7,116692.77,0.64,3.52,17.484,17.95,21.259,70898.27,58563.32,64237.66
2016-01-20,17.7,18.76,18.16,17.7,81775.24,0.36,2.02,17.298,18.221,21.521,56690.41,48274.55,60440.6
2016-01-19,16.71,18.0,17.8,16.54,57828.23,1.22,7.36,17.086,18.795,21.841,46635.01,50591.83,57849.91
2016-01-18,15.68,17.3,16.58,15.68,45649.28,0.5,3.11,17.184,19.26,22.184,41196.07,52503.47,57123.53
2016-01-15,17.45,17.65,16.08,16.08,52545.84,-1.79,-10.02,17.546,20.096,22.578,41854.5,53396.2,57589.3
2016-01-14,15.99,18.0,17.87,15.58,45653.47,0.77,4.5,18.416,21.258,23.008,46228.38,60638.03,57953.15
2016-01-13,18.31,18.84,17.1,17.05,31498.21,-1.19,-6.51,19.144,22.238,23.295,39858.68,70022.33,58536.04
2016-01-12,18.03,18.75,18.29,17.48,30633.54,-0.1,-0.54,20.504,23.043,23.602,54548.66,71605.54,59145.76
2016-01-11,19.71,19.79,18.39,18.39,48941.42,-2.04,-9.98,21.336,23.642,23.832,63810.86,74394.69,59380.81
2016-01-08,21.8,22.39,20.43,19.36,74415.24,-1.08,-5.02,22.646,24.237,24.038,64937.9,73860.37,59580.73
2016-01-07,22.9,22.9,21.51,21.51,13805.0,-2.39,-10.0,24.1,24.568,24.191,75047.68,69912.0,58164.75
2016-01-06,22.45,24.1,23.9,21.85,104948.08,1.45,6.46,25.332,24.82,24.298,100185.98,72606.64,59930.06
2016-01-05,22.99,24.9,22.45,22.45,76944.57,-2.49,-9.98,25.582,24.886,24.278,88662.42,65108.0,57973.51
2016-01-04,27.7,28.17,24.94,24.93,54576.61,-2.76,-9.96,25.948,25.107,24.388,84978.52,61743.6,57072.17
2015-12-31,28.0,28.95,27.7,27.42,124964.15,0.03,0.11,25.828,25.06,24.336,82782.85,61782.4,57849.13
2015-12-30,25.22,27.67,27.67,25.22,139496.48,2.52,10.02,25.036,24.758,24.162,64776.32,55268.27,56117.26
2015-12-29,24.2,25.17,25.15,24.06,47330.27,0.87,3.58,24.308,24.351,23.944,45027.31,47049.75,54673.53
2015-12-28,24.44,25.2,24.28,24.12,58525.09,-0.06,-0.25,24.19,24.161,23.937,41553.58,46685.99,56306.32
2015-12-25,23.73,24.66,24.34,23.65,43598.24,0.6,2.53,24.266,24.022,24.003,38508.68,44366.93,58356.61
2015-12-24,24.11,24.11,23.74,22.89,34931.53,-0.29,-1.21,24.292,23.838,24.109,40781.95,45301.09,62533.17
2015-12-23,24.6,25.06,24.03,23.85,40751.42,-0.53,-2.16,24.48,23.814,24.339,45760.21,46417.51,72523.27
2015-12-22,24.8,24.8,24.56,24.05,29961.6,-0.1,-0.41,24.394,23.775,24.425,49072.19,47253.47,81825.6
2015-12-21,24.27,24.68,24.66,23.85,43300.6,0.19,0.78,24.132,23.669,24.375,51818.4,50839.03,84755.51
2015-12-18,24.66,25.25,24.47,24.33,54964.62,-0.21,-0.85,23.778,23.669,24.285,50225.17,52400.74,87455.97
2015-12-17,23.85,24.78,24.68,23.63,59822.83,1.08,4.58,23.384,23.612,24.166,49820.22,53915.85,87562.45
2015-12-16,23.46,24.24,23.6,23.26,57311.31,0.35,1.5,23.148,23.566,24.022,47074.8,56966.26,86695.81
2015-12-15,23.04,23.8,23.25,22.89,43692.64,0.36,1.57,23.156,23.536,23.897,45434.75,62297.3,86088.27
2015-12-14,22.12,22.96,22.89,21.71,35334.47,0.39,1.73,23.206,23.713,23.825,49859.66,65926.66,87569.49
2015-12-11,23.42,23.42,22.5,22.0,52939.87,-1.0,-4.25,23.56,23.984,23.787,54576.31,72346.28,90196.09
2015-12-10,23.55,23.98,23.5,23.24,46095.69,-0.14,-0.59,23.84,24.379,23.722,58011.48,79765.24,91556.36
2015-12-09,23.3,23.74,23.64,22.71,49111.09,0.14,0.6,23.984,24.863,23.616,66857.72,98629.04,94631.43
2015-12-08,24.21,24.53,23.5,23.07,65817.2,-1.16,-4.7,23.916,25.075,23.498,79159.85,116397.73,97212.36
2015-12-07,23.9,24.89,24.66,23.58,58917.72,0.76,3.18,24.22,25.081,23.343,81993.65,118671.99,97777.91
2015-12-04,24.01,24.5,23.9,23.45,70115.68,-0.32,-1.32,24.408,24.9,23.132,90116.25,122511.2,99872.58
2015-12-03,23.2,24.22,24.22,22.9,90326.89,0.92,3.95,24.918,24.72,22.939,101519.01,121209.04,102597.56
2015-12-02,24.9,25.14,23.3,22.52,110621.74,-1.72,-6.88,25.742,24.477,22.698,130400.37,116425.36,104279.54
2015-12-01,25.68,25.99,25.02,24.49,79986.22,-0.58,-2.27,26.234,24.257,22.526,153635.62,109879.25,104301.94
2015-11-30,26.98,27.34,25.6,24.0,99530.74,-0.85,-3.21,25.942,23.936,22.189,155350.32,109212.33,102820.75
2015-11-27,28.0,29.67,26.45,26.41,127129.44,-1.89,-6.67,25.392,23.59,21.806,154906.14,108045.9,101402.36
2015-11-26,25.6,28.34,28.34,25.01,234733.69,2.58,10.02,24.522,23.065,21.421,140899.07,103347.48,100349.49
2015-11-25,23.6,25.92,25.76,23.6,226798.02,2.2,9.34,23.212,22.369,20.946,102450.36,90633.82,94014.48
2015-11-24,22.82,23.88,23.56,21.76,88559.72,0.71,3.11,22.28,21.92,20.578,66122.87,78026.99,90102.4
2015-11-23,22.58,23.92,22.85,22.54,97309.82,0.75,3.39,21.93,21.605,20.332,63074.34,76883.83,90722.4
2015-11-20,21.79,22.15,22.1,21.4,57094.12,0.31,1.42,21.788,21.363,20.104,61185.66,77233.97,90817.91
2015-11-19,21.08,21.85,21.79,20.87,42490.1,0.69,3.27,21.608,21.158,19.903,65795.88,83986.08,94247.6
2015-11-18,21.77,22.02,21.1,21.0,45160.58,-0.71,-3.25,21.526,20.919,19.683,78817.28,92133.72,97676.09
2015-11-17,22.14,22.4,21.81,21.51,73317.08,-0.33,-1.49,21.56,20.794,19.473,89931.11,98724.63,102075.21
2015-11-16,20.76,22.22,22.14,20.51,87866.43,0.94,4.43,21.28,20.442,19.314,90693.33,96429.17,102431.47
2015-11-13,21.06,21.76,21.2,20.7,80145.19,-0.18,-0.84,20.938,20.022,19.122,93282.27,94758.82,102320.97
2015-11-12,21.7,21.85,21.38,20.8,107597.11,0.11,0.52,20.708,19.777,18.996,102176.28,97351.51,105976.82
2015-11-11,20.09,21.41,21.27,20.09,100729.74,0.86,4.21,20.312,19.522,18.797,105450.16,97395.15,104413.91
2015-11-10,20.0,20.85,20.41,20.0,77128.16,-0.02,-0.1,20.028,19.235,18.566,107518.15,102177.8,104088.05
2015-11-09,19.78,20.85,20.43,19.3,100811.17,0.38,1.9,19.604,19.058,18.403,102165.01,104560.97,104275.82
2015-11-06,19.75,20.5,20.05,19.7,124615.21,0.65,3.35,19.106,18.845,18.236,96235.37,104401.86,104116.9
2015-11-05,19.7,19.92,19.4,18.88,123966.51,-0.45,-2.27,18.846,18.648,18.052,92526.74,104509.12,101561.98
2015-11-04,18.36,19.97,19.85,18.36,111069.7,1.56,8.53,18.732,18.447,17.883,89340.15,103218.46,97936.57
2015-11-03,18.12,18.71,18.29,17.94,50362.45,0.35,1.95,18.442,18.151,17.656,96837.45,105425.78,92425.19
2015-11-02,18.0,19.11,17.94,17.82,71162.98,-0.81,-4.32,18.512,18.186,17.507,106956.93,108433.77,91856.13
2015-10-30,18.5,19.57,18.75,18.3,106072.07,-0.08,-0.42,18.584,18.221,17.361,112568.35,109883.11,90308.27
2015-10-29,18.6,19.3,18.83,17.87,108033.53,0.43,2.34,18.45,18.215,17.184,116491.5,114602.13,87026.85
2015-10-28,18.5,19.29,18.4,18.13,148556.23,-0.24,-1.29,18.162,18.072,16.96,117096.77,111432.67,84650.81
2015-10-27,18.1,18.78,18.64,17.01,100959.85,0.34,1.86,17.86,17.896,16.819,114014.12,105998.3,79520.75
2015-10-26,18.22,19.01,18.3,17.84,99220.07,0.22,1.22,17.86,17.748,16.657,109910.61,103990.68,77437.11
2015-10-23,17.45,18.4,18.08,17.32,125687.8,0.69,3.97,17.858,17.626,16.516,107197.87,103831.94,76051.36
2015-10-22,16.65,17.57,17.39,16.38,111059.91,0.5,2.96,17.98,17.455,16.388,112712.76,98614.85,73061.49
2015-10-21,18.61,19.08,16.89,16.78,133142.95,-1.75,-9.39,17.982,17.318,16.254,105768.58,92654.68,70638.81
2015-10-20,18.18,18.8,18.64,18.03,80442.32,0.35,1.91,17.932,17.161,16.123,97982.49,79424.59,67173.65
2015-10-19,18.73,18.73,18.29,17.82,85656.39,-0.4,-2.14,17.636,16.828,15.908,98070.75,75278.5,66345.99
2015-10-16,17.52,19.13,18.69,17.16,153262.23,1.29,7.41,17.394,16.5,15.646,100466.01,70733.42,65643.32
2015-10-15,16.59,17.42,17.4,16.51,76338.99,0.76,4.57,16.93,16.153,15.436,84516.93,59451.57,61417.65
2015-10-14,16.95,17.29,16.64,16.51,94212.52,-0.52,-3.03,16.654,15.848,15.371,79540.79,57868.95,60520.5
2015-10-13,16.8,17.44,17.16,16.72,80883.61,0.08,0.47,16.39,15.741,15.327,60866.68,53043.2,58186.15
2015-10-12,16.54,17.65,17.08,16.45,97632.71,0.71,4.34,16.02,15.566,15.287,52486.25,50883.55,58043.78
2015-10-09,16.14,16.4,16.37,15.86,73516.83,0.35,2.19,15.606,15.406,15.215,41000.83,48270.77,57471.05
2015-10-08,15.98,16.25,16.02,15.6,51458.27,0.71,4.64,15.376,15.321,15.113,34386.21,47508.14,60019.76
2015-10-07,15.22,15.35,15.32,15.22,842.0,0.01,0.07,15.042,15.189,14.993,36197.11,48622.93,59877.39
2015-09-30,15.01,15.37,15.31,14.81,38981.43,0.3,2.0,15.092,15.085,14.939,45219.71,54922.72,62046.45
2015-09-29,14.85,15.39,15.01,14.7,40205.61,-0.21,-1.38,15.112,14.988,14.964,49280.85,57413.47,62506.38
2015-09-28,14.4,15.26,15.22,14.28,40443.76,0.87,6.06,15.206,14.791,15.045,55540.71,60553.21,64934.76
2015-09-25,15.3,15.66,14.35,14.1,60512.74,-1.22,-7.84,15.266,14.718,15.044,60630.07,63383.73,65366.28
2015-09-24,15.41,15.83,15.57,15.34,45955.02,0.16,1.04,15.336,14.893,15.021,61048.76,63172.06,65066.36
2015-09-23,15.2,15.71,15.41,14.8,59287.13,-0.07,-0.45,15.078,14.913,14.994,64625.73,63329.09,64843.94
2015-09-22,15.51,15.82,15.48,15.12,71504.91,-0.04,-0.26,14.864,15.007,15.058,65546.1,65204.01,64722.32
2015-09-21,14.31,15.55,15.52,14.31,65890.53,0.82,5.58,14.376,15.023,15.212,65565.71,66671.32,65059.75
2015-09-18,14.44,14.84,14.7,13.8,62606.21,0.42,2.94,14.17,14.905,15.39,66137.4,72531.39,65108.72
2015-09-17,14.39,15.3,14.28,14.09,63839.85,-0.06,-0.42,14.45,14.796,15.672,65295.35,71131.84,66874.03
2015-09-16,13.12,14.34,14.34,13.0,63888.98,1.3,9.97,14.748,14.792,15.948,62032.46,69170.18,68016.54
2015-09-15,13.41,14.09,13.04,13.04,71602.98,-1.45,-10.01,15.15,14.94,16.331,64861.93,67599.28,70606.48
2015-09-14,16.08,16.08,14.49,14.49,68748.99,-1.61,-10.0,15.67,15.298,16.79,67776.93,69316.31,74254.41
2015-09-11,15.87,16.27,16.1,15.31,58395.97,0.33,2.09,15.64,15.369,17.076,78925.37,67348.83,75325.43
2015-09-10,15.96,16.48,15.77,15.61,47525.39,-0.58,-3.55,15.142,15.148,17.254,76968.32,66960.66,78759.45
2015-09-09,15.95,16.67,16.35,15.71,78036.31,0.71,4.54,14.836,15.074,17.456,76307.89,66358.78,81570.26
2015-09-08,14.34,15.71,15.64,13.72,86178.0,1.3,9.07,14.73,15.109,17.609,70336.63,64240.63,81451.88
2015-09-07,14.0,14.8,14.34,13.1,124491.18,0.73,5.36,14.926,15.4,17.745,70855.69,63448.19,81602.03
2015-09-02,13.6,15.66,13.61,13.0,48610.74,-0.63,-4.42,15.098,15.874,17.91,55772.3,57686.06,79209.35
2015-09-01,15.6,15.75,14.24,14.24,44223.23,-1.58,-9.99,15.154,16.548,18.046,56952.99,62616.22,80624.5
2015-08-31,16.03,16.47,15.82,15.66,48180.01,-0.8,-4.81,15.312,17.104,18.141,56409.66,66862.9,81260.08
2015-08-28,15.48,16.71,16.62,14.72,88773.27,1.42,9.34,15.488,17.722,18.084,58144.63,73613.67,81773.03
2015-08-27,14.45,15.2,15.2,13.63,49074.23,1.31,9.43,15.874,18.282,18.161,56040.68,79192.5,81404.59
2015-08-26,15.11,15.95,13.89,13.54,54514.2,-1.14,-7.58,16.65,18.782,18.325,59599.82,83302.02,83200.72
2015-08-25,15.1,16.05,15.03,15.03,41506.6,-1.67,-10.0,17.942,19.36,18.586,68279.46,90558.24,84888.17
2015-08-24,17.88,17.9,16.7,16.7,56854.84,-1.85,-9.97,18.896,19.838,18.808,77316.13,96781.74,87599.52
2015-08-21,18.5,20.22,18.55,18.03,78253.55,-0.53,-2.78,19.956,20.108,18.949,89082.71,98663.14,89649.16
2015-08-20,19.88,20.99,19.08,19.0,66869.92,-1.27,-6.24,20.69,20.089,18.977,102344.32,99755.88,90463.13
2015-08-19,18.78,20.55,20.35,17.93,97912.37,0.55,2.78,20.914,19.946,18.969,107004.22,100732.64,92277.99
2015-08-18,22.05,22.2,19.8,19.8,86689.96,-2.2,-10.0,20.778,19.544,18.854,112837.03,98632.77,91808.46
2015-08-17,22.22,22.57,22.0,20.91,115687.76,-0.22,-0.99,20.78,19.178,18.768,116247.35,95657.27,92273.78
2015-08-14,20.98,22.22,22.22,20.55,144561.61,2.02,10.0,20.26,18.445,18.445,108243.56,89932.38,89932.38
2015-08-13,19.5,20.22,20.2,19.0,90169.39,0.53,2.69,19.488,18.026,18.026,97167.44,83862.47,83862.47
2015-08-12,19.42,21.0,19.67,19.31,127076.44,-0.14,-0.71,18.978,17.754,17.754,94461.06,83074.11,83074.11
2015-08-11,19.2,20.2,19.81,18.7,103741.57,0.41,2.11,18.31,17.48,17.48,84428.5,76788.06,76788.06
2015-08-10,18.5,19.89,19.4,18.22,75668.81,1.04,5.66,17.576,17.092,17.092,75067.19,72295.81,72295.81
2015-08-07,17.65,18.57,18.36,17.4,89181.0,0.71,4.02,16.63,16.63,16.63,71621.2,71621.2,71621.2
2015-08-06,15.9,17.68,17.65,15.69,76637.46,1.32,8.08,16.198,16.198,16.198,67231.26,67231.26,67231.26
2015-08-05,16.4,16.9,16.33,16.06,76913.68,0.19,1.18,15.713,15.713,15.713,64095.85,64095.85,64095.85
2015-08-04,14.89,16.14,16.14,14.89,56935.01,1.47,10.02,15.405,15.405,15.405,57686.94,57686.94,57686.94
2015-08-03,15.8,16.09,14.67,14.56,58438.87,-1.51,-9.33,14.67,14.67,14.67,58438.87,58438.87,58438.87
