date,open,high,close,low,volume,price_change,p_change,ma5,ma10,ma20,v_ma5,v_ma10,v_ma20,turnover
2018-03-29,5.65,6.17,6.0,5.65,66081.65,0.28,4.89,5.746,6.013,5.824,61879.12,105539.41,70996.87,1.24
2018-03-28,5.66,5.78,5.72,5.57,39660.0,-0.03,-0.52,5.796,5.974,5.796,66967.77,102723.37,68973.22,0.75
2018-03-27,5.75,5.82,5.75,5.67,51240.52,0.13,2.31,5.906,5.975,5.781,89289.61,103855.37,68870.87,0.96
2018-03-26,5.44,5.66,5.62,5.22,52628.3,-0.02,-0.35,6.074,5.977,5.76,129623.11,101531.37,67454.74,0.99
2018-03-23,5.92,5.99,5.64,5.63,99785.12,-0.61,-9.76,6.238,5.989,5.745,155959.11,99519.37,66518.78,1.88
2018-03-22,6.24,6.35,6.25,6.17,91524.92,-0.02,-0.32,6.28,5.988,5.723,149199.71,92264.14,62960.23,1.72
2018-03-21,6.36,6.55,6.27,6.24,151269.19,-0.32,-4.86,6.152,5.915,5.668,138478.96,85651.45,59767.62,2.85
2018-03-20,6.45,6.99,6.59,6.35,252908.0,0.15,2.33,6.044,5.842,5.606,118421.12,75552.72,53426.67,4.76
2018-03-19,5.79,6.44,6.44,5.69,184308.34,0.59,10.09,5.88,5.745,5.526,73439.63,53091.7,42690.67,3.47
2018-03-16,5.62,6.17,5.85,5.62,65988.09,0.24,4.28,5.74,5.66,5.456,43079.62,37818.77,34875.91,1.24
2018-03-15,5.68,5.7,5.61,5.58,37921.17,-0.12,-2.09,5.696,5.634,5.407,35328.58,36454.32,33842.55,0.71
2018-03-14,5.78,5.91,5.73,5.7,50980.01,-0.04,-0.69,5.678,5.618,5.38,32823.94,35223.07,34232.22,0.96
2018-03-13,5.74,5.83,5.77,5.72,28000.56,0.03,0.52,5.64,5.586,5.348,32684.31,33886.37,36163.71,0.53
2018-03-12,5.67,5.77,5.74,5.61,32508.29,0.11,1.95,5.61,5.542,5.324,32743.77,33378.11,39209.82,0.61
2018-03-09,5.54,5.65,5.63,5.51,27232.85,0.11,1.99,5.58,5.5,5.331,32557.91,33518.19,39414.31,0.51
2018-03-08,5.54,5.58,5.52,5.49,25398.01,-0.02,-0.36,5.572,5.457,5.355,37580.06,33656.31,40953.76,0.48
2018-03-07,5.6,5.67,5.54,5.51,50281.85,-0.08,-1.42,5.558,5.42,5.383,37622.2,33883.78,43398.56,0.95
2018-03-06,5.58,5.68,5.62,5.56,28297.84,0.03,0.54,5.532,5.369,5.44,35088.42,31300.63,43334.17,0.53
2018-03-05,5.56,5.68,5.59,5.5,31579.01,0.0,0.0,5.474,5.306,5.511,34012.45,32289.64,42926.03,0.59
2018-03-02,5.43,5.75,5.59,5.39,52343.59,0.14,2.57,5.42,5.252,5.584,34478.48,31933.04,43426.12,0.98
2018-03-01,5.37,5.49,5.45,5.33,25608.71,0.04,0.74,5.342,5.179,5.664,29732.56,31230.78,41994.7,0.48
2018-02-28,5.29,5.48,5.41,5.21,37612.96,0.08,1.5,5.282,5.142,5.753,30145.36,33241.38,41841.86,0.71
2018-02-27,5.32,5.36,5.33,5.27,22918.0,0.01,0.19,5.206,5.109,5.843,27512.83,38441.04,41253.47,0.43
2018-02-26,5.22,5.35,5.32,5.2,33909.12,0.12,2.31,5.138,5.105,5.94,30566.84,45041.53,41119.2,0.64
2018-02-23,5.21,5.26,5.2,5.13,28614.02,0.05,0.97,5.084,5.161,6.039,29387.61,45310.43,40621.85,0.54
2018-02-22,5.05,5.17,5.15,5.05,27672.71,0.12,2.39,5.016,5.252,6.146,32729.01,48251.22,41479.45,0.52
2018-02-14,5.03,5.03,5.03,4.9,24450.32,0.04,0.8,5.002,5.346,6.252,36337.39,52913.34,40903.41,0.46
2018-02-13,5.06,5.14,4.99,4.98,38188.01,-0.06,-1.19,5.012,5.51,6.366,49369.25,55367.71,41442.99,0.72
2018-02-12,4.9,5.08,5.05,4.88,28013.0,0.19,3.91,5.072,5.716,6.475,59516.23,53562.41,40419.92,0.53
2018-02-09,4.95,5.0,4.86,4.75,45321.0,-0.22,-4.33,5.238,5.915,6.577,61233.24,54919.2,40609.2,0.85
2018-02-08,5.08,5.14,5.08,5.01,45714.62,0.0,0.0,5.488,6.149,6.7,63773.42,52758.61,39249.3,0.86
2018-02-07,5.31,5.47,5.08,4.8,89609.63,-0.21,-3.97,5.69,6.363,6.813,69489.3,50442.35,38105.01,1.69
2018-02-06,5.8,5.8,5.29,5.29,88922.9,-0.59,-10.03,6.008,6.577,6.921,61366.17,44065.89,34465.13,1.67
2018-02-05,6.04,6.04,5.88,5.77,36598.06,-0.23,-3.76,6.36,6.774,7.02,47608.59,37196.87,30784.83,0.69
2018-02-02,6.0,6.13,6.11,5.56,58021.9,0.02,0.33,6.592,6.916,7.091,48605.15,35933.27,30166.93,1.09
2018-02-01,6.67,6.73,6.09,6.0,74294.0,-0.58,-8.7,6.81,7.04,7.157,41743.79,34707.68,28020.47,1.4
2018-01-31,7.04,7.09,6.67,6.63,48994.01,-0.38,-5.39,7.036,7.157,7.222,31395.39,28893.48,25284.92,0.92
2018-01-30,7.02,7.16,7.05,6.97,20134.96,0.01,0.14,7.146,7.222,7.261,26765.61,27518.28,25205.5,0.38
2018-01-29,7.18,7.22,7.04,7.02,41580.89,-0.16,-2.22,7.188,7.233,7.268,26785.16,27277.44,25067.83,0.78
2018-01-26,7.22,7.28,7.2,7.16,23715.11,-0.02,-0.28,7.24,7.239,7.272,23261.38,26299.19,23738.51,0.45
2018-01-25,7.24,7.35,7.22,7.18,22552.0,0.0,0.0,7.27,7.251,7.264,27671.56,25739.98,23442.53,0.42
2018-01-24,7.27,7.28,7.22,7.15,25845.1,-0.04,-0.55,7.278,7.262,7.256,26391.56,25767.67,23409.21,0.49
2018-01-23,7.3,7.32,7.26,7.18,20232.68,-0.04,-0.55,7.298,7.265,7.253,28270.94,24864.36,23195.3,0.38
2018-01-22,7.35,7.36,7.3,7.18,23962.01,-0.05,-0.68,7.278,7.265,7.246,27769.72,24372.78,22963.02,0.45
2018-01-19,7.22,7.58,7.35,7.14,45766.0,0.09,1.24,7.238,7.266,7.239,29337.01,24400.6,22685.61,0.86
2018-01-18,7.27,7.4,7.26,7.24,16152.01,-0.06,-0.82,7.232,7.273,7.231,23808.41,21333.26,21484.11,0.3
2018-01-17,7.21,7.44,7.32,7.1,35242.0,0.16,2.23,7.246,7.287,7.233,25143.79,21676.36,21970.11,0.66
2018-01-16,7.09,7.23,7.16,7.06,17726.58,0.06,0.84,7.232,7.3,7.237,21457.79,22892.72,21097.01,0.33
2018-01-15,7.3,7.34,7.1,7.06,31798.45,-0.22,-3.0,7.252,7.303,7.247,20975.84,22858.22,21668.89,0.6
2018-01-12,7.34,7.44,7.32,7.21,18123.0,-0.01,-0.14,7.294,7.305,7.269,19464.18,21177.82,21077.78,0.34
2018-01-11,7.25,7.43,7.33,7.15,22828.91,0.08,1.1,7.314,7.277,7.283,18858.11,21145.07,21830.11,0.43
2018-01-10,7.26,7.31,7.25,7.18,16812.0,-0.01,-0.14,7.328,7.249,7.286,18208.93,21050.74,22197.71,0.32
2018-01-09,7.31,7.34,7.26,7.23,15316.85,-0.05,-0.68,7.368,7.241,7.296,24327.66,21526.24,22539.72,0.29
2018-01-08,7.42,7.42,7.31,7.23,24240.16,-0.11,-1.48,7.354,7.226,7.311,24740.6,21553.25,22470.13,0.46
2018-01-05,7.4,7.46,7.42,7.35,15092.61,0.02,0.27,7.316,7.212,7.322,22891.46,20970.61,22179.77,0.28
2018-01-04,7.45,7.49,7.4,7.32,19583.04,-0.05,-0.67,7.24,7.189,7.325,23432.04,21634.97,22485.59,0.37
2018-01-03,7.2,7.83,7.45,7.2,47405.63,0.26,3.62,7.17,7.178,7.328,23892.54,22263.87,22526.79,0.89
2018-01-02,7.14,7.24,7.19,7.09,17381.55,0.07,0.98,7.114,7.173,7.323,18724.82,19301.31,22352.77,0.33
2017-12-29,7.05,7.13,7.12,7.03,14994.49,0.08,1.14,7.098,7.191,7.344,18365.91,20479.55,22798.52,0.28
2017-12-28,7.02,7.1,7.04,7.02,17795.5,-0.01,-0.14,7.108,7.232,7.369,19049.76,20977.73,23586.85,0.33
2017-12-27,7.14,7.17,7.05,7.05,21885.55,-0.12,-1.67,7.138,7.288,7.398,19837.89,22515.14,25999.89,0.41
2017-12-26,7.13,7.31,7.17,7.03,21567.01,0.06,0.84,7.186,7.323,7.448,20635.19,23344.69,27190.11,0.41
2017-12-25,7.17,7.17,7.11,7.08,15587.0,-0.06,-0.84,7.232,7.351,7.497,19877.79,23553.2,28021.06,0.29
2017-12-22,7.2,7.26,7.17,7.1,18413.76,-0.02,-0.28,7.284,7.396,7.549,22593.19,23387.0,29623.24,0.35
2017-12-21,7.29,7.31,7.19,7.1,21736.15,-0.1,-1.37,7.356,7.432,7.595,22905.69,23388.93,31459.35,0.41
2017-12-20,7.41,7.42,7.29,7.24,25872.01,-0.11,-1.49,7.438,7.461,7.641,25192.38,23336.22,34983.07,0.49
2017-12-19,7.41,7.45,7.4,7.33,17780.03,0.03,0.41,7.46,7.477,7.708,26054.2,22789.72,39058.35,0.33
2017-12-18,7.53,7.56,7.37,7.3,29164.0,-0.16,-2.12,7.47,7.472,7.771,27228.61,25404.23,47237.28,0.55
2017-12-15,7.6,7.61,7.53,7.49,19976.26,-0.07,-0.92,7.508,7.497,7.818,24180.81,25117.49,49055.33,0.38
2017-12-14,7.43,7.7,7.6,7.35,33169.59,0.2,2.7,7.508,7.505,7.857,23872.17,26195.98,53205.63,0.62
2017-12-13,7.48,7.49,7.4,7.25,30181.1,-0.05,-0.67,7.484,7.508,7.904,21480.06,29484.64,59426.92,0.57
2017-12-12,7.56,7.56,7.45,7.38,23652.1,-0.11,-1.46,7.494,7.572,7.934,19525.24,31035.53,61336.03,0.44
2017-12-11,7.53,7.6,7.56,7.5,13925.0,0.03,0.4,7.474,7.643,7.969,23579.84,32488.92,67876.06,0.26
2017-12-08,7.48,7.6,7.53,7.47,18433.07,0.05,0.67,7.486,7.701,8.015,26054.17,35859.47,73657.52,0.35
2017-12-07,7.45,7.53,7.48,7.4,21209.02,0.03,0.4,7.502,7.757,8.024,28519.79,39529.77,75951.08,0.4
2017-12-06,7.32,7.46,7.45,7.32,20407.01,0.1,1.36,7.532,7.821,8.023,37489.22,46629.92,75726.69,0.38
2017-12-05,7.6,7.66,7.35,7.31,43925.11,-0.27,-3.54,7.65,7.939,8.022,42545.82,55326.98,76087.46,0.83
2017-12-04,7.65,7.72,7.62,7.61,26296.66,0.01,0.13,7.812,8.069,8.029,41397.99,69070.33,75736.17,0.49
2017-12-01,7.6,7.72,7.61,7.53,30761.15,-0.02,-0.26,7.916,8.138,8.013,45664.77,72993.17,75410.58,0.58
2017-11-30,8.04,8.04,7.63,7.63,66056.15,-0.41,-5.1,8.012,8.209,7.995,50539.74,80215.28,74896.26,1.24
2017-11-29,8.14,8.2,8.04,7.95,45690.01,-0.12,-1.47,8.11,8.3,7.979,55770.61,89369.2,73406.37,0.86
2017-11-28,8.14,8.22,8.16,8.04,38186.0,0.02,0.25,8.228,8.295,7.951,68108.13,91636.52,72544.23,0.72
2017-11-27,8.05,8.17,8.14,8.0,47630.52,0.05,0.62,8.326,8.295,7.918,96742.67,103263.21,74032.32,0.9
2017-11-24,8.18,8.36,8.09,8.04,55136.02,-0.03,-0.37,8.36,8.329,7.901,100321.58,111455.56,75906.7,1.04
2017-11-23,8.53,8.57,8.12,8.03,92210.52,-0.51,-5.91,8.406,8.291,7.877,109890.83,112372.39,74291.31,1.73
2017-11-22,8.55,8.73,8.63,8.41,107377.61,-0.02,-0.23,8.49,8.224,7.855,122967.79,104823.46,70866.0,2.02
2017-11-21,8.26,8.78,8.65,8.15,181358.7,0.34,4.09,8.362,8.105,7.807,115164.91,96847.95,66479.52,3.41
2017-11-20,8.01,8.38,8.31,8.01,65525.07,-0.01,-0.12,8.264,7.989,7.76,109783.75,82402.0,58868.08,1.23
2017-11-17,8.41,8.53,8.32,8.1,102982.23,-0.22,-2.58,8.298,7.887,7.726,122589.54,77827.98,56421.48,1.94
2017-11-16,7.98,8.55,8.54,7.88,157595.34,0.55,6.88,8.176,7.78,7.691,114853.96,69577.24,52028.02,2.96
2017-11-15,8.01,8.17,7.99,7.88,68363.22,-0.17,-2.08,7.958,7.657,7.637,86679.13,57443.54,45276.05,1.29
2017-11-14,8.31,8.58,8.16,8.16,154452.89,-0.32,-3.77,7.848,7.606,7.62,78530.98,53451.95,42947.79,2.91
2017-11-13,7.66,8.48,8.48,7.57,129554.02,0.77,9.99,7.714,7.541,7.598,55020.26,44801.44,36310.55,2.44
2017-11-10,7.51,7.75,7.71,7.51,64304.31,0.26,3.49,7.476,7.473,7.56,33066.41,40357.85,31603.6,1.21
2017-11-09,7.4,7.51,7.45,7.4,16721.2,0.01,0.13,7.384,7.462,7.571,24300.53,36210.22,29401.5,0.31
2017-11-08,7.45,7.56,7.44,7.39,27622.47,-0.05,-0.67,7.356,7.486,7.593,28207.95,36908.54,29963.34,0.52
2017-11-07,7.3,7.52,7.49,7.25,36899.28,0.2,2.74,7.364,7.509,7.622,28372.91,36111.09,30585.47,0.69
2017-11-06,7.23,7.3,7.29,7.2,19784.81,0.04,0.55,7.368,7.53,7.645,34582.62,35334.16,30232.62,0.37
2017-11-03,7.33,7.41,7.25,7.21,20474.9,-0.06,-0.82,7.47,7.565,7.677,47649.28,35014.98,30454.88,0.39
2017-11-02,7.48,7.5,7.31,7.3,36258.3,-0.17,-2.27,7.54,7.602,7.707,48119.91,34478.79,30565.24,0.68
2017-11-01,7.5,7.57,7.48,7.47,28447.28,-0.03,-0.4,7.616,7.617,7.729,45609.12,33108.56,30239.5,0.54
2017-10-31,7.76,7.83,7.51,7.42,67947.8,-0.29,-3.72,7.654,7.634,7.752,43849.27,32443.64,31004.94,1.28
2017-10-30,7.59,7.89,7.8,7.56,85118.1,0.2,2.63,7.692,7.654,7.762,36085.71,27819.66,28743.93,1.6
2017-10-27,7.67,7.71,7.6,7.56,22828.06,-0.09,-1.17,7.66,7.647,7.761,22380.69,22849.35,26161.83,0.43
2017-10-26,7.67,7.74,7.69,7.63,23704.36,0.02,0.26,7.664,7.679,7.774,20837.68,22592.77,26761.03,0.45
2017-10-25,7.7,7.75,7.67,7.62,19648.01,-0.03,-0.39,7.618,7.7,7.789,20608.01,23018.14,27406.16,0.37
2017-10-24,7.67,7.79,7.7,7.58,29130.02,0.06,0.79,7.614,7.735,7.811,21038.01,25059.85,27992.05,0.55
2017-10-23,7.64,7.66,7.64,7.51,16593.01,0.02,0.26,7.616,7.76,7.829,19553.61,25131.08,28168.57,0.31
2017-10-20,7.48,7.62,7.62,7.47,15113.0,0.16,2.15,7.634,7.788,7.85,23318.01,25894.78,28924.23,0.28
2017-10-19,7.62,7.66,7.46,7.46,22556.0,-0.19,-2.48,7.694,7.811,7.874,24347.86,26651.69,29640.79,0.42
2017-10-18,7.69,7.75,7.65,7.62,21798.0,-0.06,-0.78,7.782,7.841,7.91,25428.26,27370.44,30316.79,0.41
2017-10-17,7.73,7.77,7.71,7.68,21708.05,-0.02,-0.26,7.856,7.869,7.934,29081.69,29566.24,30725.75,0.41
2017-10-16,7.93,7.96,7.73,7.71,35415.0,-0.19,-2.4,7.904,7.87,7.954,30708.54,29668.19,31461.35,0.67
2017-10-13,7.94,7.94,7.92,7.84,20262.26,0.02,0.25,7.942,7.874,7.973,28471.56,29474.32,31560.34,0.38
2017-10-12,8.02,8.02,7.9,7.83,27958.0,-0.12,-1.5,7.928,7.869,7.985,28955.51,30929.29,32136.58,0.53
2017-10-11,7.93,8.04,8.02,7.91,40065.15,0.07,0.88,7.9,7.878,7.998,29312.62,31794.19,32864.15,0.75
2017-10-10,7.9,7.96,7.95,7.81,29842.28,0.03,0.38,7.882,7.887,8.009,30050.79,30924.25,33158.89,0.56
2017-10-09,7.93,7.97,7.92,7.85,24230.11,0.07,0.89,7.836,7.897,8.019,28627.84,31206.06,33598.57,0.46
2017-09-29,7.8,7.88,7.85,7.76,22682.0,0.09,1.16,7.806,7.912,8.037,30477.08,31953.68,34468.69,0.43
2017-09-28,7.9,7.91,7.76,7.76,29743.56,-0.17,-2.14,7.81,7.936,8.058,32903.08,32629.89,35089.41,0.56
2017-09-27,7.72,8.06,7.93,7.69,43755.99,0.21,2.72,7.856,7.978,8.084,34275.75,33263.14,35783.16,0.82
2017-09-26,7.68,7.82,7.72,7.62,22727.56,-0.05,-0.64,7.892,7.998,8.106,31797.71,31885.26,35911.93,0.43
2017-09-25,7.9,7.92,7.77,7.73,33476.27,-0.1,-1.27,7.958,8.037,8.14,33784.28,33254.5,37274.74,0.63
2017-09-22,7.96,7.98,7.87,7.85,34812.0,-0.12,-1.5,8.018,8.071,8.17,33430.28,33646.37,38431.95,0.65
2017-09-21,8.11,8.12,7.99,7.98,36606.95,-0.12,-1.48,8.062,8.1,8.186,32356.7,33343.87,38321.3,0.69
2017-09-20,8.07,8.14,8.11,8.01,31365.79,0.06,0.74,8.1,8.118,8.192,32250.52,33934.12,38458.32,0.59
2017-09-19,8.08,8.12,8.05,8.02,32660.37,-0.02,-0.25,8.104,8.13,8.2,31972.81,35393.53,39962.79,0.61
2017-09-18,8.1,8.1,8.07,8.0,31706.3,-0.02,-0.25,8.116,8.141,8.206,32724.73,35991.08,39650.6,0.6
2017-09-15,8.18,8.19,8.09,8.08,29444.1,-0.09,-1.1,8.124,8.162,8.209,33862.45,36983.7,40008.74,0.55
2017-09-14,8.14,8.23,8.18,8.11,36076.02,0.05,0.61,8.138,8.18,8.209,34331.03,37548.93,39948.4,0.68
2017-09-13,8.12,8.15,8.13,8.08,29977.25,0.02,0.25,8.136,8.189,8.208,35617.73,38303.19,39648.8,0.56
2017-09-12,8.11,8.18,8.11,8.09,36420.0,0.0,0.0,8.156,8.213,8.209,38814.26,39938.59,39943.07,0.69
2017-09-11,8.16,8.16,8.11,8.07,37394.88,-0.05,-0.61,8.166,8.243,8.209,39257.42,41294.98,39712.87,0.7
2017-09-08,8.18,8.26,8.16,8.13,31787.0,-0.01,-0.12,8.2,8.268,8.21,40104.96,43217.54,39548.47,0.6
2017-09-07,8.23,8.29,8.17,8.14,42509.5,-0.06,-0.73,8.222,8.271,8.198,40766.83,43298.74,40878.87,0.8
2017-09-06,8.15,8.24,8.23,8.07,45959.93,0.07,0.86,8.242,8.265,8.203,40988.66,42982.51,41592.35,0.86
2017-09-05,8.26,8.28,8.16,8.1,38635.8,-0.12,-1.45,8.27,8.27,8.217,41062.92,44532.05,41247.8,0.73
2017-09-04,8.25,8.35,8.28,8.17,41632.55,0.01,0.12,8.32,8.271,8.24,43332.54,43310.11,41868.72,0.78
2017-09-01,8.3,8.31,8.27,8.21,35096.38,0.0,0.0,8.336,8.255,8.25,46330.12,43033.78,41893.66,0.66
2017-08-31,8.38,8.41,8.27,8.24,43618.63,-0.1,-1.2,8.32,8.237,8.258,45830.64,42347.86,42758.57,0.82
2017-08-30,8.44,8.47,8.37,8.33,46331.24,-0.04,-0.48,8.288,8.226,8.274,44976.36,40994.4,43910.99,0.87
2017-08-29,8.35,8.47,8.41,8.3,49983.89,0.05,0.6,8.27,8.205,8.292,48001.18,39947.55,45796.83,0.94
2017-08-28,8.22,8.48,8.36,8.21,56620.45,0.17,2.08,8.222,8.174,8.321,43287.69,38130.76,50096.82,1.07
2017-08-25,8.11,8.25,8.19,8.11,32599.0,0.08,0.99,8.174,8.151,8.34,39737.45,35879.4,50899.15,0.61
2017-08-24,8.25,8.36,8.11,8.11,39347.24,-0.17,-2.05,8.154,8.125,8.364,38865.08,38459.01,53063.91,0.74
2017-08-23,8.15,8.4,8.28,8.12,61455.3,0.11,1.35,8.164,8.14,8.395,37012.44,40202.19,56178.49,1.16
2017-08-22,8.11,8.17,8.17,8.07,26416.45,0.05,0.62,8.14,8.163,8.429,31893.93,37963.56,61143.52,0.5
2017-08-21,8.05,8.21,8.12,8.03,38869.24,0.03,0.37,8.126,8.208,8.459,32973.82,40427.32,65847.11,0.73
2017-08-18,8.1,8.11,8.09,8.05,28237.19,-0.07,-0.86,8.128,8.244,8.499,32021.36,40753.53,75462.21,0.53
2017-08-17,8.18,8.2,8.16,8.06,30084.01,0.0,0.0,8.096,8.278,8.533,38052.94,43169.28,87648.37,0.57
2017-08-16,8.08,8.2,8.16,8.05,35862.74,0.06,0.74,8.116,8.321,8.539,43391.94,46827.58,89597.97,0.67
2017-08-15,8.11,8.2,8.1,8.04,31815.94,-0.03,-0.37,8.186,8.378,8.507,44033.19,51646.1,89732.26,0.6
2017-08-14,7.93,8.24,8.13,7.93,34106.92,0.2,2.52,8.29,8.468,8.478,47880.81,62062.88,90708.91,0.64
2017-08-11,8.17,8.22,7.93,7.92,58395.09,-0.33,-4.0,8.36,8.528,8.446,49485.7,65918.89,91687.02,1.1
2017-08-10,8.53,8.58,8.26,8.24,56779.01,-0.25,-2.94,8.46,8.602,8.448,48285.63,67668.8,89918.36,1.07
2017-08-09,8.64,8.69,8.51,8.45,39069.01,-0.11,-1.28,8.526,8.65,8.435,50263.22,72154.79,88375.46,0.73
2017-08-08,8.49,8.63,8.62,8.41,51054.03,0.14,1.65,8.57,8.695,8.414,59259.01,84323.48,88190.13,0.96
2017-08-07,8.35,8.53,8.48,8.35,42131.36,0.05,0.59,8.646,8.709,8.386,76244.94,91266.9,87144.02,0.79
2017-08-04,8.53,8.6,8.43,8.42,52394.73,-0.16,-1.86,8.696,8.754,8.368,82352.07,110170.89,86831.39,0.99
2017-08-03,8.71,8.72,8.59,8.45,66666.98,-0.14,-1.6,8.744,8.788,8.357,87051.98,132127.45,85789.4,1.25
2017-08-02,8.91,8.94,8.73,8.71,84047.94,-0.27,-3.0,8.774,8.756,8.335,94046.35,132368.35,84306.44,1.58
2017-08-01,8.67,9.1,9.0,8.66,135983.69,0.27,3.09,8.82,8.635,8.307,109387.94,127818.42,81641.33,2.56
2017-07-31,8.66,8.79,8.73,8.55,72667.03,0.06,0.69,8.772,8.487,8.263,106288.86,119354.95,75942.55,1.37
2017-07-28,8.68,8.81,8.67,8.57,75894.25,-0.07,-0.8,8.812,8.364,8.233,137989.71,117455.15,73742.6,1.43
2017-07-27,8.96,8.96,8.74,8.65,101638.84,-0.22,-2.46,8.832,8.293,8.2,177202.92,112167.92,71209.46,1.91
2017-07-26,8.77,9.25,8.96,8.73,160755.91,0.2,2.28,8.738,8.22,8.161,170690.35,104596.14,67132.12,3.02
2017-07-25,8.8,8.93,8.76,8.62,120488.26,-0.17,-1.9,8.45,8.133,8.113,146248.89,92056.78,60039.13,2.27
2017-07-24,8.69,9.4,8.93,8.5,231171.28,0.16,1.82,8.202,8.062,8.077,132421.04,83021.15,55007.24,4.35
2017-07-21,8.3,8.98,8.77,8.27,271960.31,0.5,6.05,7.916,7.981,8.032,96920.58,63491.88,44661.82,5.12
2017-07-20,7.5,8.27,8.27,7.42,69075.98,0.75,9.97,7.754,7.926,7.988,47132.92,39451.34,33946.71,1.3
2017-07-19,7.52,7.54,7.52,7.38,38548.61,0.0,0.0,7.702,7.914,7.978,38501.93,36244.53,32090.2,0.73
2017-07-18,7.41,7.52,7.52,7.24,51349.0,0.02,0.27,7.816,7.978,8.008,37864.66,35464.25,31958.73,0.97
2017-07-17,7.94,7.96,7.5,7.5,53669.02,-0.46,-5.78,7.922,8.039,8.044,33621.26,32530.15,30611.11,1.01
2017-07-14,8.0,8.02,7.96,7.92,23022.0,-0.05,-0.62,8.046,8.102,8.082,30063.17,30030.05,29164.21,0.43
2017-07-13,8.08,8.09,8.01,7.95,25921.0,-0.08,-0.99,8.098,8.106,8.099,31769.77,30251.01,29397.01,0.49
2017-07-12,8.05,8.1,8.09,7.89,35362.29,0.04,0.5,8.126,8.102,8.109,33987.14,29668.11,30248.47,0.67
2017-07-11,8.1,8.13,8.05,7.99,30131.99,-0.07,-0.86,8.14,8.093,8.112,33063.83,28021.48,29890.08,0.57
2017-07-10,8.22,8.25,8.12,8.07,35878.59,-0.1,-1.22,8.156,8.091,8.114,31439.03,26993.33,29304.28,0.67
2017-07-07,8.18,8.24,8.22,8.14,31554.96,0.07,0.86,8.158,8.082,8.109,29996.92,25831.76,29074.1,0.59
2017-07-06,8.16,8.26,8.15,8.03,37007.86,-0.01,-0.12,8.114,8.05,8.106,28732.25,28442.08,29272.91,0.7
2017-07-05,8.11,8.21,8.16,8.07,30745.76,0.03,0.37,8.078,8.041,8.096,25349.07,27935.87,28791.02,0.58
2017-07-04,8.13,8.14,8.13,8.02,22008.0,0.0,0.0,8.046,8.038,8.091,22979.12,28453.22,29336.68,0.41
2017-07-03,8.02,8.14,8.13,7.98,28668.02,0.13,1.62,8.026,8.048,8.078,22547.63,28692.07,29499.05,0.54
2017-06-30,7.96,8.05,8.0,7.95,25231.59,0.03,0.38,8.006,8.062,8.061,21666.6,28298.37,29255.16,0.47
2017-06-29,8.0,8.03,7.97,7.92,20092.0,-0.03,-0.38,7.986,8.091,8.047,28151.92,28543.01,29590.79,0.38
2017-06-28,8.0,8.09,8.0,7.91,18896.0,-0.03,-0.37,8.004,8.116,8.034,30522.67,30828.83,29844.87,0.36
2017-06-27,8.02,8.12,8.03,7.96,19850.53,0.0,0.0,8.03,8.131,8.025,33927.31,31758.68,30502.71,0.37
2017-06-26,7.9,8.05,8.03,7.86,24262.9,0.13,1.65,8.07,8.137,8.009,34836.52,31615.24,30633.61,0.46
2017-06-23,7.99,7.99,7.9,7.7,57658.17,-0.16,-1.99,8.118,8.136,7.99,34930.14,32316.44,31345.33,1.08
2017-06-22,8.12,8.27,8.06,8.05,31945.74,-0.07,-0.86,8.196,8.162,7.975,28934.1,30103.74,30234.73,0.6
2017-06-21,8.23,8.26,8.13,8.04,35919.22,-0.1,-1.22,8.228,8.151,7.954,31134.99,29646.18,31394.42,0.68
2017-06-20,8.27,8.37,8.23,8.23,24396.55,-0.04,-0.48,8.232,8.143,7.952,29590.05,30220.15,31296.72,0.46
2017-06-19,8.25,8.37,8.27,8.23,24731.01,-0.02,-0.24,8.204,8.108,7.956,28393.95,30306.03,31554.19,0.47
2017-06-16,8.21,8.36,8.29,8.2,27678.0,0.07,0.85,8.154,8.06,7.953,29702.74,30211.95,31906.14,0.52
2017-06-15,8.15,8.33,8.22,8.08,42950.17,0.07,0.86,8.128,8.003,7.952,31273.37,30638.57,32280.43,0.81
2017-06-14,8.09,8.18,8.15,8.03,28194.5,0.06,0.74,8.074,7.952,7.955,28157.37,28860.92,32970.8,0.53
2017-06-13,8.01,8.13,8.09,7.98,18416.09,0.07,0.87,8.054,7.918,7.957,30850.25,29246.74,34907.96,0.35
2017-06-12,8.14,8.18,8.02,8.0,31274.95,-0.14,-1.72,8.012,7.88,7.982,32218.11,29651.99,36415.74,0.59
2017-06-09,7.97,8.16,8.16,7.81,35531.13,0.21,2.64,7.966,7.843,8.019,30721.16,30374.21,37269.0,0.67
2017-06-08,8.05,8.06,7.95,7.94,27370.16,-0.05,-0.62,7.878,7.787,8.061,30003.78,30365.73,38514.94,0.51
2017-06-07,7.9,8.11,8.05,7.86,41658.93,0.17,2.16,7.83,7.757,8.103,29564.47,33142.66,38408.82,0.78
2017-06-06,7.8,7.9,7.88,7.73,25255.38,0.09,1.16,7.782,7.76,8.134,27643.23,32373.29,37908.87,0.48
2017-06-05,7.74,7.85,7.79,7.68,23790.21,0.07,0.91,7.748,7.803,8.184,27085.87,32802.35,37794.2,0.45
2017-06-02,7.65,7.75,7.72,7.37,31944.2,0.01,0.13,7.72,7.845,8.244,30027.26,33600.33,37856.73,0.6
2017-06-01,7.81,7.87,7.71,7.71,25173.64,-0.1,-1.28,7.696,7.9,8.307,30727.68,33922.3,38806.22,0.47
2017-05-31,7.78,7.88,7.81,7.73,32052.74,0.1,1.3,7.684,7.957,8.386,36720.84,37080.68,38871.18,0.6
2017-05-26,7.65,7.77,7.71,7.61,22468.57,0.06,0.78,7.738,7.996,8.462,37103.34,40569.17,38638.9,0.42
2017-05-25,7.59,7.69,7.65,7.44,38497.17,0.05,0.66,7.858,8.083,8.534,38518.83,43179.5,39709.82,0.72
2017-05-24,7.58,7.72,7.6,7.37,35446.26,-0.05,-0.65,7.97,8.194,8.603,37173.4,44163.79,40031.25,0.67
2017-05-23,8.07,8.09,7.65,7.62,55139.48,-0.43,-5.32,8.104,8.334,8.662,37116.92,46664.15,40561.89,1.04
2017-05-22,8.27,8.37,8.08,8.08,33965.24,-0.23,-2.77,8.23,8.449,8.715,37440.51,43674.98,40740.01,0.64
2017-05-19,8.27,8.34,8.31,8.14,29546.0,0.1,1.22,8.254,8.507,8.775,44034.99,43444.46,40754.13,0.56
2017-05-18,8.15,8.36,8.21,8.1,31770.02,-0.06,-0.73,8.308,8.564,8.825,47840.17,42786.06,42072.28,0.6
2017-05-17,8.26,8.4,8.27,8.2,35163.85,-0.01,-0.12,8.418,8.642,8.892,51154.18,42113.12,43204.18,0.66
2017-05-16,8.16,8.29,8.28,7.93,56757.45,0.08,0.98,8.564,8.714,8.969,56211.37,43690.13,42938.69,1.07
2017-05-15,8.54,8.68,8.2,8.16,66937.64,-0.38,-4.43,8.668,8.815,9.043,49909.45,40661.69,42848.14,1.26
2017-05-12,8.77,8.92,8.58,8.57,48571.87,-0.18,-2.06,8.76,8.927,9.14,42853.92,36708.64,41508.0,0.91
2017-05-11,8.9,9.16,8.76,8.5,48340.11,-0.24,-2.67,8.82,8.985,9.221,37731.95,36240.14,41146.6,0.91
2017-05-10,8.81,9.21,9.0,8.81,60449.8,0.2,2.27,8.866,9.012,9.294,33072.05,35898.7,42544.1,1.14
2017-05-09,8.69,8.85,8.8,8.55,25247.82,0.14,1.62,8.864,8.99,9.359,31168.89,34459.63,42423.01,0.47
2017-05-08,8.97,8.97,8.66,8.6,31660.0,-0.22,-2.48,8.962,8.98,9.441,31413.93,37805.05,44197.59,0.6
2017-05-05,8.96,9.03,8.88,8.84,22962.01,-0.11,-1.22,9.094,9.043,9.532,30563.36,38063.81,44785.83,0.43
2017-05-04,8.86,9.09,8.99,8.85,25040.63,0.0,0.0,9.15,9.085,9.618,34748.34,41358.49,45949.92,0.47
2017-05-03,9.31,9.32,8.99,8.98,50934.0,-0.3,-3.23,9.158,9.141,9.706,38725.34,44295.25,47147.73,0.96
2017-05-02,9.41,9.46,9.29,9.25,26473.02,-0.03,-0.32,9.116,9.223,9.785,37750.37,42187.25,46505.58,0.5
2017-04-28,9.17,9.36,9.32,9.16,27407.15,0.16,1.75,8.998,9.271,9.85,44196.17,45034.59,49290.92,0.52
2017-04-27,9.02,9.31,9.16,8.71,43886.88,0.13,1.44,8.992,9.352,9.913,45564.26,46307.35,50499.39,0.83
2017-04-26,8.83,9.03,9.03,8.83,44925.67,0.25,2.85,9.02,9.457,9.99,47968.65,46053.06,52743.47,0.85
2017-04-25,8.76,9.03,8.78,8.72,46059.13,0.08,0.92,9.124,9.576,10.09,49865.16,49189.51,57612.95,0.87
2017-04-24,9.24,9.28,8.7,8.68,58702.0,-0.59,-6.35,9.33,9.728,10.227,46624.13,50386.39,56801.94,1.1
2017-04-21,9.22,9.69,9.29,9.1,34247.64,-0.01,-0.11,9.544,9.901,10.37,45873.01,50590.14,56094.4,0.64
2017-04-20,9.55,9.58,9.3,8.6,55908.81,-0.25,-2.62,9.712,10.021,10.491,47050.44,51507.85,57137.65,1.05
2017-04-19,9.8,9.8,9.55,9.45,54408.2,-0.26,-2.65,9.894,10.151,10.607,44137.46,50541.35,56005.09,1.02
2017-04-18,9.82,9.9,9.81,9.78,29854.0,0.04,0.41,10.028,10.271,10.71,48513.86,50000.21,55918.02,0.56
2017-04-17,10.13,10.13,9.77,9.75,54946.4,-0.36,-3.55,10.126,10.346,10.79,54148.64,50823.91,56938.59,1.03
2017-04-14,10.25,10.3,10.13,10.06,40134.78,-0.08,-0.78,10.258,10.429,10.882,55307.27,53547.26,56449.14,0.75
2017-04-13,10.24,10.35,10.21,10.14,41343.94,-0.01,-0.1,10.33,10.474,10.948,55965.27,54691.42,55949.85,0.78
2017-04-12,10.32,10.38,10.22,10.02,76290.16,-0.08,-0.78,10.408,10.523,11.011,56945.23,59433.87,55636.03,1.44
2017-04-11,10.39,10.43,10.3,10.1,58027.94,-0.13,-1.25,10.514,10.604,11.075,51486.57,66036.39,53695.47,1.09
2017-04-10,10.53,10.53,10.43,10.2,60739.52,-0.06,-0.57,10.566,10.726,11.136,47499.17,63217.49,52483.59,1.14
2017-04-07,10.6,10.65,10.49,10.4,43424.77,-0.11,-1.04,10.6,10.838,11.19,51787.25,61598.65,51679.85,0.82
2017-04-06,10.73,10.73,10.6,10.52,46243.74,-0.15,-1.4,10.618,10.96,11.244,53417.57,62767.44,51167.5,0.87
2017-04-05,10.5,10.84,10.75,10.48,48996.86,0.19,1.8,10.638,11.063,11.291,61922.52,61468.83,51500.52,0.92
2017-03-31,10.61,10.7,10.56,10.48,38090.96,-0.04,-0.38,10.694,11.148,11.324,80586.22,61835.82,51233.23,0.72
2017-03-30,10.75,11.12,10.6,10.59,82179.91,0.02,0.19,10.886,11.234,11.364,78935.8,63053.27,55968.42,1.55
2017-03-29,10.7,10.74,10.58,10.4,51576.39,-0.12,-1.12,11.076,11.335,11.425,71410.06,59351.02,53829.06,0.97
2017-03-28,11.01,11.02,10.7,10.5,88768.48,-0.33,-2.99,11.302,11.422,11.489,72117.32,57208.28,53993.24,1.67
2017-03-27,11.53,11.54,11.03,10.96,142315.34,-0.49,-4.25,11.488,11.499,11.548,61015.15,51838.19,51815.06,2.68
2017-03-24,11.57,11.63,11.52,11.46,29838.9,-0.03,-0.26,11.602,11.546,11.586,43085.43,41354.56,47232.83,0.56
2017-03-23,11.68,11.75,11.55,11.38,44551.18,-0.16,-1.37,11.582,11.546,11.598,47170.74,41749.69,48325.24,0.84
2017-03-22,11.6,11.79,11.71,11.49,55112.68,0.08,0.69,11.594,11.541,11.61,47291.99,41761.06,49627.64,1.04
2017-03-21,11.64,11.65,11.63,11.55,33257.64,0.03,0.26,11.542,11.527,11.62,42299.24,39567.55,50542.11,0.63
2017-03-20,11.38,11.63,11.6,11.37,52666.75,0.18,1.58,11.51,11.518,11.645,42661.23,41532.2,51989.07,0.99
2017-03-17,11.65,11.65,11.42,11.4,50265.45,-0.19,-1.64,11.49,11.499,11.663,39623.68,40630.64,54207.56,0.95
2017-03-16,11.47,11.72,11.61,11.47,45157.41,0.16,1.4,11.51,11.494,11.689,36328.65,48883.57,56499.45,0.85
2017-03-15,11.48,11.54,11.45,11.38,30148.95,-0.02,-0.17,11.488,11.514,11.722,36230.12,48307.1,59037.25,0.57
2017-03-14,11.48,11.65,11.47,11.4,35067.6,-0.03,-0.26,11.512,11.555,11.754,36835.86,50778.21,61422.31,0.66
2017-03-13,11.51,11.59,11.5,11.3,37479.0,-0.02,-0.17,11.526,11.597,11.789,40403.18,51791.94,65530.22,0.71
2017-03-10,11.5,11.64,11.52,11.5,33790.27,0.02,0.17,11.508,11.625,11.829,41637.6,53111.1,67340.38,0.64
2017-03-09,11.47,11.57,11.5,11.33,44664.8,-0.07,-0.6,11.478,11.649,11.871,61438.5,54900.78,71903.78,0.84
2017-03-08,11.45,11.67,11.57,11.45,33177.61,0.03,0.26,11.54,11.679,11.928,60384.08,57494.23,79267.12,0.62
2017-03-07,11.39,11.63,11.54,11.3,52904.2,0.13,1.14,11.598,11.712,11.956,64720.56,61516.66,80947.64,1.0
2017-03-06,11.21,11.46,11.41,11.2,43651.13,0.04,0.35,11.668,11.772,11.989,63180.69,62445.93,82676.41,0.82
2017-03-03,11.82,11.86,11.37,11.35,132794.77,-0.44,-3.73,11.742,11.827,12.021,64584.6,67784.47,83178.55,2.5
2017-03-02,11.8,11.95,11.81,11.79,39392.68,-0.05,-0.42,11.82,11.883,12.05,48363.05,64115.33,80041.4,0.74
2017-03-01,11.8,12.01,11.86,11.8,54860.0,-0.03,-0.25,11.818,11.93,12.076,54604.38,69767.39,78077.37,1.03
2017-02-28,11.78,11.94,11.89,11.74,45204.89,0.11,0.93,11.826,11.952,12.099,58312.77,72066.42,80025.55,0.85
2017-02-27,11.76,11.98,11.78,11.7,50670.67,0.02,0.17,11.876,11.981,12.114,61711.16,79268.5,82033.68,0.95
2017-02-24,11.83,11.9,11.76,11.71,51687.03,-0.04,-0.34,11.912,12.033,12.142,70984.35,81569.65,86827.98,0.97
2017-02-23,11.89,11.95,11.8,11.79,70599.31,-0.1,-0.84,11.946,12.092,12.152,79867.6,88906.79,91653.53,1.33
2017-02-22,12.18,12.18,11.9,11.8,73401.97,-0.24,-1.98,12.042,12.176,12.162,84930.4,101040.01,100339.68,1.38
2017-02-21,11.95,12.18,12.14,11.91,62196.81,0.18,1.5,12.078,12.199,12.13,85820.07,100378.61,99748.89,1.17
2017-02-20,11.85,12.03,11.96,11.62,97036.62,0.03,0.25,12.086,12.206,12.087,96825.83,102906.88,99473.8,1.83
2017-02-17,12.27,12.3,11.93,11.92,96103.29,-0.35,-2.85,12.154,12.214,12.051,92154.95,98572.63,99923.68,1.81
2017-02-16,12.05,12.44,12.28,11.99,95913.32,0.2,1.66,12.238,12.217,12.025,97945.98,95967.48,109414.78,1.8
2017-02-15,12.11,12.25,12.08,11.99,77850.29,-0.1,-0.82,12.31,12.221,12.027,117149.61,86387.35,115364.34,1.46
2017-02-14,12.35,12.35,12.18,11.96,117225.65,-0.12,-0.98,12.32,12.245,12.012,114937.15,87984.68,118141.74,2.21
2017-02-13,12.35,12.35,12.3,12.15,73682.2,-0.05,-0.41,12.326,12.246,11.988,108987.93,84798.87,115752.5,1.39
2017-02-10,12.63,12.67,12.35,12.33,125058.45,-0.29,-2.29,12.274,12.251,11.969,104990.31,92086.32,118513.12,2.35
2017-02-09,12.09,12.64,12.64,12.03,191931.48,0.51,4.2,12.196,12.211,11.944,93988.98,94400.27,115989.17,3.61
2017-02-08,12.06,12.19,12.13,11.91,66787.99,-0.08,-0.66,12.132,12.148,11.905,55625.08,99639.35,110776.73,1.26
2017-02-07,12.1,12.28,12.21,12.02,87479.55,0.17,1.41,12.17,12.061,11.891,61032.21,99119.17,113151.25,1.65
2017-02-06,11.92,12.05,12.04,11.83,53694.06,0.08,0.67,12.166,11.967,11.864,60609.81,96040.72,113006.55,1.01
2017-02-03,12.17,12.2,11.96,11.88,70051.8,-0.36,-2.92,12.228,11.887,11.845,79182.33,101274.74,115480.07,1.32
2017-02-02,12.32,12.32,12.32,12.32,112.0,0.0,0.0,12.226,11.833,11.8,94811.57,122862.07,114049.94,0.0
2017-01-26,12.27,12.66,12.32,12.22,93823.62,0.13,1.07,12.164,11.832,11.734,143653.62,144341.34,117597.17,1.76
2017-01-25,12.21,12.35,12.19,12.09,85367.55,-0.16,-1.3,11.952,11.778,11.675,137206.13,148298.79,116296.44,1.61
2017-01-24,11.96,12.35,12.35,11.96,146556.66,0.4,3.35,11.768,11.729,11.634,131471.63,146706.13,114326.63,2.76
2017-01-23,12.04,12.3,11.95,11.91,148198.0,-0.06,-0.5,11.546,11.687,11.589,123367.15,144939.92,110321.24,2.79
2017-01-20,11.4,12.39,12.01,11.36,244322.28,0.75,6.66,11.44,11.677,11.556,150912.58,137578.06,107605.52,4.6
2017-01-19,11.18,11.5,11.26,11.13,61586.14,-0.01,-0.09,11.5,11.662,11.544,145029.06,121914.1,99003.19,1.16
2017-01-18,11.14,11.43,11.27,11.14,56695.06,0.03,0.27,11.604,11.72,11.567,159391.45,127183.32,103586.94,1.07
2017-01-17,11.15,11.44,11.24,10.9,106034.29,-0.18,-1.58,11.69,11.761,11.587,161940.62,129972.39,107525.66,1.99
2017-01-16,12.29,12.3,11.42,11.08,285925.12,-0.89,-7.23,11.828,11.802,11.583,166512.68,129685.41,106184.58,5.38
2017-01-13,11.77,12.31,12.31,11.63,214904.69,0.53,4.5,11.914,11.767,11.568,124243.54,105237.8,96356.15,4.04
2017-01-12,11.69,11.91,11.78,11.31,133398.11,0.08,0.68,11.824,11.636,11.495,98799.14,90853.0,90094.5,2.51
2017-01-11,11.93,11.93,11.7,11.6,69440.9,-0.23,-1.93,11.836,11.571,11.446,94975.2,84294.08,88454.85,1.31
2017-01-10,11.8,12.24,11.93,11.7,128894.57,0.08,0.68,11.832,11.538,11.394,98004.16,81947.14,90936.14,2.42
2017-01-09,11.83,11.96,11.85,11.52,74579.43,-0.01,-0.08,11.776,11.491,11.336,92858.14,75702.57,96069.31,1.4
2017-01-06,11.78,11.94,11.86,11.6,87682.68,0.02,0.17,11.62,11.434,11.334,86232.06,77632.97,98450.31,1.65
2017-01-05,11.68,12.07,11.84,11.6,114278.4,0.16,1.37,11.448,11.425,11.333,82906.85,76092.28,100633.01,2.15
2017-01-04,11.68,11.74,11.68,11.51,84585.71,0.03,0.26,11.306,11.413,11.335,73612.97,79990.56,103068.08,1.59
2017-01-03,11.07,11.74,11.65,11.06,103164.47,0.58,5.24,11.244,11.412,11.354,65890.13,85078.94,107427.95,1.94
2016-12-30,11.0,11.23,11.07,11.0,41449.03,0.07,0.64,11.206,11.364,11.366,58547.0,82683.75,110366.9,0.78
2016-12-29,11.11,11.29,11.0,10.97,71056.65,-0.13,-1.17,11.248,11.369,11.406,69033.89,87474.5,122139.24,1.34
2016-12-28,11.38,11.49,11.13,11.1,67808.97,-0.24,-2.11,11.402,11.354,11.452,69277.7,89336.01,136936.32,1.28
2016-12-27,11.39,11.53,11.37,11.32,45971.51,-0.09,-0.79,11.52,11.321,11.446,86368.15,92615.62,141459.58,0.86
2016-12-26,11.1,11.48,11.46,10.91,66448.85,0.18,1.6,11.58,11.25,11.426,104267.74,99925.15,147638.06,1.25
2016-12-23,11.81,11.85,11.28,11.21,93883.45,-0.49,-4.16,11.522,11.18,11.404,106820.5,116436.05,154583.31,1.77
2016-12-22,11.69,11.92,11.77,11.6,72275.72,0.05,0.43,11.49,11.233,11.37,105915.11,119267.65,155389.01,1.36
2016-12-21,11.72,12.05,11.72,11.49,153261.2,0.05,0.43,11.306,11.241,11.31,109394.32,125173.74,158163.27,2.88
2016-12-20,11.17,11.86,11.67,11.08,135469.5,0.5,4.48,11.122,11.256,11.253,98863.08,126145.6,158457.66,2.55
2016-12-19,11.13,11.26,11.17,10.98,79212.63,0.05,0.45,10.92,11.296,11.2,95582.55,129776.96,157766.1,1.49
2016-12-16,10.96,11.14,11.12,10.71,89356.5,0.27,2.49,10.838,11.367,11.173,126051.59,138050.04,165946.11,1.68
2016-12-15,10.61,11.11,10.85,10.61,89671.79,0.05,0.46,10.976,11.443,11.135,132620.19,156803.99,168325.66,1.69
2016-12-14,10.71,11.05,10.8,10.7,100605.0,0.14,1.31,11.176,11.55,11.112,140953.16,184536.63,172528.48,1.89
2016-12-13,10.75,10.79,10.66,10.31,119066.83,-0.1,-0.93,11.39,11.57,11.091,153428.12,190303.54,178137.29,2.24
2016-12-12,11.88,11.9,10.76,10.63,231557.84,-1.05,-8.89,11.672,11.601,11.067,163971.38,195350.97,178156.61,4.36
2016-12-09,11.76,12.06,11.81,11.7,122199.48,-0.04,-0.34,11.896,11.628,11.036,150048.5,192730.57,177710.02,2.3
2016-12-08,11.82,12.14,11.85,11.64,131336.64,-0.02,-0.17,11.91,11.506,10.948,180987.79,191510.38,184063.01,2.47
2016-12-07,11.99,12.17,11.87,11.61,162979.8,-0.2,-1.66,11.924,11.378,10.848,228120.11,191152.8,185238.46,3.07
2016-12-06,11.96,12.35,12.07,11.8,171783.12,0.19,1.6,11.75,11.25,10.738,227178.96,190769.71,186104.85,3.23
2016-12-05,11.8,12.3,11.88,11.68,161943.44,0.0,0.0,11.53,11.103,10.629,226730.56,185755.24,186400.69,3.05
2016-12-02,11.72,12.5,11.88,11.72,276895.94,-0.04,-0.34,11.36,10.978,10.531,235412.65,193842.18,190929.39,5.21
2016-12-01,10.95,12.1,11.92,10.92,366998.25,0.92,8.36,11.102,10.826,10.43,202032.96,179847.33,197592.39,6.9
2016-11-30,10.95,11.14,11.0,10.7,158274.06,0.03,0.27,10.832,10.673,10.355,154185.49,160520.33,214904.72,2.98
2016-11-29,11.0,11.26,10.97,10.89,169541.09,-0.06,-0.54,10.75,10.612,10.293,154360.46,165971.03,218492.75,3.19
2016-11-28,10.53,11.18,11.03,10.48,205353.92,0.44,4.16,10.676,10.532,10.187,144779.93,160962.25,212558.84,3.86
2016-11-25,10.52,10.69,10.59,10.21,109997.49,0.02,0.19,10.596,10.444,10.074,152271.7,162689.46,204692.08,2.07
2016-11-24,10.51,10.76,10.57,10.41,127760.88,-0.02,-0.19,10.55,10.39,9.98,157661.69,176615.65,201781.41,2.4
2016-11-23,10.66,10.88,10.59,10.56,159148.91,-0.01,-0.09,10.514,10.318,9.883,166855.16,179324.12,200986.35,2.99
2016-11-22,10.57,10.74,10.6,10.51,121638.43,-0.03,-0.28,10.474,10.226,9.809,177581.61,181439.99,196214.64,2.29
2016-11-21,10.25,10.75,10.63,10.24,242812.8,0.27,2.61,10.388,10.154,9.739,177144.58,187046.13,193757.02,4.57
2016-11-18,10.4,10.4,10.36,10.14,136947.44,-0.03,-0.29,10.292,10.084,9.674,173107.22,188016.6,185714.22,2.58
2016-11-17,10.33,10.58,10.39,10.21,173728.23,0.0,0.0,10.23,10.033,9.616,195569.61,215337.46,180948.91,3.27
2016-11-16,10.2,10.66,10.39,10.08,212781.16,0.22,2.16,10.122,10.037,9.553,191793.08,269289.11,174609.99,4.0
2016-11-15,10.12,10.27,10.17,10.0,119453.25,0.02,0.2,9.978,9.973,9.486,185298.37,271014.46,167617.95,2.25
2016-11-14,10.4,10.6,10.15,10.02,222626.02,0.1,0.99,9.92,9.842,9.438,196947.68,264155.43,167131.02,4.19
2016-11-11,9.84,10.24,10.05,9.69,249259.41,0.2,2.03,9.876,9.704,9.38,202925.97,246694.69,163537.44,4.69
2016-11-10,9.78,9.98,9.85,9.76,154845.58,0.18,1.86,9.836,9.569,9.345,235105.3,226947.17,156925.32,2.91
2016-11-09,9.9,9.99,9.67,9.53,180307.59,-0.21,-2.13,9.952,9.448,9.324,346785.14,222648.59,154965.24,3.39
2016-11-08,9.93,10.1,9.88,9.8,177699.81,-0.05,-0.5,9.968,9.391,9.316,356730.56,210989.29,158525.09,3.34
2016-11-07,9.88,10.18,9.93,9.81,252517.48,0.08,0.81,9.764,9.323,9.307,331363.18,200467.92,167566.94,4.75
2016-11-04,10.21,10.28,9.85,9.78,410156.03,-0.58,-5.56,9.532,9.263,9.281,290463.41,183411.84,166003.84,7.72
2016-11-03,10.0,10.73,10.43,9.84,713244.81,0.68,6.97,9.302,9.199,9.236,218789.04,146560.36,149697.65,13.42
2016-11-02,9.75,9.75,9.75,9.43,230034.66,0.89,10.04,8.944,9.069,9.16,98512.03,79930.87,121467.07,4.33
2016-09-29,8.72,8.88,8.86,8.71,50862.94,0.09,1.03,8.814,8.998,9.116,65248.01,64221.44,115189.82,0.96
2016-09-28,8.7,8.9,8.77,8.62,48018.6,0.07,0.81,8.882,9.033,9.103,69572.65,70106.61,114923.76,0.9
2016-09-27,8.56,8.71,8.7,8.51,51784.18,0.06,0.69,8.994,9.055,9.092,76360.28,80380.19,114539.91,0.97
2016-09-26,9.1,9.1,8.64,8.63,111859.75,-0.46,-5.05,9.096,9.121,9.083,74331.68,86903.47,114853.03,2.1
2016-09-23,9.21,9.32,9.1,9.09,63714.59,-0.1,-1.09,9.194,9.199,9.08,61349.71,87281.9,114230.15,1.2
2016-09-22,9.43,9.46,9.2,9.13,72486.15,-0.13,-1.39,9.182,9.241,9.053,63194.87,106060.89,113202.78,1.36
2016-09-21,9.22,9.42,9.33,9.18,81956.72,0.12,1.3,9.184,9.291,9.022,70640.57,134665.96,113535.82,1.54
2016-09-20,9.11,9.24,9.21,9.1,41641.21,0.08,0.88,9.116,9.298,8.988,84400.11,148595.83,115358.19,0.78
2016-09-19,9.05,9.23,9.13,9.04,46949.86,0.09,1.0,9.146,9.273,8.979,99475.26,152834.94,120981.39,0.88
2016-09-14,9.17,9.21,9.04,9.0,72940.41,-0.17,-1.85,9.204,9.25,8.965,113214.1,163003.28,126057.09,1.37
2016-09-13,9.05,9.27,9.21,8.98,109714.63,0.22,2.45,9.3,9.234,8.961,148926.9,166158.21,133812.42,2.06
2016-09-12,9.25,9.3,8.99,8.96,150754.44,-0.37,-3.95,9.398,9.173,8.919,198691.36,159740.92,131186.18,2.84
2016-09-09,9.35,9.45,9.36,9.18,117016.97,-0.06,-0.64,9.48,9.128,8.888,212791.55,148699.62,127472.99,2.2
2016-09-08,9.5,9.55,9.42,9.31,115644.03,-0.1,-1.05,9.4,9.045,8.832,206194.62,142802.59,123613.87,2.18
2016-09-07,9.57,9.68,9.52,9.33,251504.44,-0.18,-1.86,9.296,8.961,8.767,212792.47,141178.4,120040.32,4.73
2016-09-06,9.3,10.1,9.7,9.21,358536.91,0.3,3.19,9.168,8.865,8.701,183389.51,120344.67,110241.42,6.74
2016-09-05,8.94,9.53,9.4,8.91,221255.38,0.44,4.91,8.948,8.753,8.634,120790.48,92405.68,95457.47,4.16
2016-09-02,8.85,9.02,8.96,8.8,84032.32,0.06,0.67,8.776,8.677,8.577,84607.7,82120.55,87003.57,1.58
2016-09-01,8.86,9.07,8.9,8.79,148633.3,0.02,0.23,8.69,8.685,8.539,79410.57,89127.84,85829.53,2.8
2016-08-31,8.53,8.93,8.88,8.4,104489.66,0.28,3.26,8.626,8.68,8.511,69564.32,89110.9,81347.9,1.97
2016-08-30,8.55,8.68,8.6,8.47,45541.72,0.06,0.7,8.562,8.688,8.485,57299.82,101466.64,81607.11,0.86
2016-08-29,8.52,8.61,8.54,8.43,40341.51,0.01,0.12,8.558,8.664,8.484,64020.88,102631.44,84770.23,0.76
2016-08-26,8.55,8.77,8.53,8.51,58046.64,-0.05,-0.58,8.578,8.648,8.471,79633.4,106246.36,85301.16,1.09
2016-08-25,8.5,8.64,8.58,8.21,99402.09,0.02,0.23,8.68,8.618,8.458,98845.11,104425.15,84920.84,1.87
2016-08-24,8.55,8.67,8.56,8.5,43167.12,-0.02,-0.23,8.734,8.572,8.446,108657.47,98902.24,84452.57,0.81
2016-08-23,8.65,8.79,8.58,8.47,79147.05,-0.06,-0.69,8.814,8.537,8.43,145633.46,100138.18,89461.37,1.49
2016-08-22,9.0,9.1,8.64,8.61,118404.11,-0.4,-4.42,8.77,8.514,8.438,141241.99,98509.27,91411.16,2.23
2016-08-19,8.85,9.08,9.04,8.71,154105.2,0.19,2.15,8.718,8.477,8.449,132859.32,91886.6,91720.47,2.9
2016-08-18,8.8,9.05,8.85,8.77,148463.86,-0.11,-1.23,8.556,8.393,8.446,110005.19,82531.21,91441.21,2.79
2016-08-17,8.33,9.15,8.96,8.31,228047.06,0.6,7.18,8.41,8.342,8.443,89147.0,73584.91,90126.07,4.29
2016-08-16,8.37,8.41,8.36,8.3,57189.72,-0.02,-0.24,8.26,8.281,8.434,54642.9,61747.58,87705.53,1.08
2016-08-15,8.23,8.48,8.38,8.19,76490.75,0.15,1.82,8.258,8.303,8.437,55776.55,66909.03,89444.19,1.44
2016-08-12,8.08,8.25,8.23,8.05,39834.57,0.11,1.35,8.236,8.293,8.431,50913.87,64355.95,90473.44,0.75
2016-08-11,8.17,8.3,8.12,8.12,44172.92,-0.09,-1.1,8.23,8.298,8.428,55057.23,65416.52,92264.7,0.83
2016-08-10,8.32,8.36,8.21,8.2,55526.55,-0.14,-1.68,8.274,8.319,8.431,58022.82,70002.91,95208.31,1.04
2016-08-09,8.22,8.38,8.35,8.21,62857.94,0.08,0.97,8.302,8.322,8.423,68852.25,78784.56,96221.64,1.18
2016-08-08,8.19,8.3,8.27,8.09,52177.39,0.07,0.85,8.348,8.361,8.41,78041.51,84313.05,98097.65,0.98
2016-08-05,8.3,8.41,8.2,8.18,60551.37,-0.14,-1.68,8.35,8.421,8.4,77798.03,91554.35,101266.51,1.14
2016-08-04,8.34,8.41,8.34,8.21,59000.85,-0.01,-0.12,8.366,8.499,8.383,75775.81,100351.2,101678.9,1.11
2016-08-03,8.49,8.6,8.35,8.32,109673.72,-0.23,-2.68,8.364,8.544,8.36,81982.99,106667.22,104869.13,2.06
2016-08-02,8.35,8.62,8.58,8.17,108804.23,0.3,3.62,8.342,8.586,8.331,88716.86,113663.49,103160.42,2.05
2016-08-01,8.23,8.35,8.28,8.01,50959.99,0.0,0.0,8.374,8.57,8.289,90584.59,111979.35,100892.6,0.96
2016-07-29,8.32,8.32,8.28,8.19,50440.24,-0.05,-0.6,8.492,8.569,8.264,105310.66,116590.93,101222.89,0.95
2016-07-28,8.24,8.5,8.33,8.15,90036.79,0.09,1.09,8.632,8.558,8.233,124926.6,119112.87,101852.25,1.69
2016-07-27,8.75,8.82,8.24,8.01,143343.05,-0.5,-5.72,8.724,8.543,8.196,131351.44,120413.72,99745.96,2.7
2016-07-26,8.86,8.86,8.74,8.68,118142.87,-0.13,-1.47,8.83,8.523,8.166,138610.12,113658.71,98827.57,2.22
2016-07-25,8.9,9.12,8.87,8.85,124590.36,-0.11,-1.23,8.766,8.459,8.106,133374.11,111882.24,96539.95,2.34
2016-07-22,8.72,9.05,8.98,8.67,148519.95,0.19,2.16,8.646,8.378,8.028,127871.21,110978.66,92820.95,2.79
2016-07-21,8.75,8.85,8.79,8.54,122160.99,0.02,0.23,8.484,8.266,7.938,113299.14,103006.6,88569.66,2.3
2016-07-20,8.42,8.88,8.77,8.32,179636.44,0.35,4.16,8.362,8.176,7.857,109475.99,103071.04,84161.22,3.38
2016-07-19,8.23,8.54,8.42,8.23,91962.8,0.15,1.81,8.216,8.075,7.779,88707.31,92657.35,77752.42,1.73
2016-07-18,8.18,8.45,8.27,8.1,97075.85,0.1,1.22,8.152,8.008,7.712,90390.38,89805.86,76795.34,1.83
2016-07-15,8.1,8.22,8.17,8.04,75659.61,-0.01,-0.12,8.11,7.959,7.658,94086.12,85854.84,77230.94,1.42
2016-07-14,8.05,8.19,8.18,7.9,103045.26,0.14,1.74,8.048,7.907,7.622,92714.06,84591.63,75626.88,1.94
2016-07-13,8.17,8.18,8.04,8.02,75793.01,-0.06,-0.74,7.99,7.849,7.583,96666.08,79078.21,72850.76,1.43
2016-07-12,8.05,8.17,8.1,7.93,100378.17,0.04,0.5,7.934,7.808,7.555,96607.4,83996.42,71964.46,1.89
2016-07-11,7.86,8.08,8.06,7.8,115554.55,0.2,2.54,7.864,7.753,7.513,89221.34,81197.65,68987.37,2.17
2016-07-08,7.83,7.88,7.86,7.78,68799.3,-0.03,-0.38,7.808,7.678,7.468,77623.56,74663.24,67729.44,1.29
2016-07-07,7.69,7.94,7.89,7.6,122805.36,0.18,2.33,7.766,7.609,7.465,76469.2,74132.72,67012.82,2.31
2016-07-06,7.73,7.79,7.76,7.62,75499.61,0.01,0.13,7.708,7.537,7.461,61490.34,65251.4,63724.01,1.42
2016-07-05,7.75,7.86,7.75,7.7,63447.87,-0.03,-0.39,7.682,7.482,7.467,71385.44,62847.49,63595.9,1.19
2016-07-04,7.7,7.83,7.78,7.62,57565.67,0.13,1.7,7.642,7.415,7.47,73173.96,63784.82,63965.59,1.08
2016-07-01,7.62,7.86,7.65,7.6,63027.49,0.05,0.66,7.548,7.357,7.465,71702.93,68607.03,64371.37,1.19
2016-06-30,7.64,7.73,7.6,7.6,47911.06,-0.03,-0.39,7.452,7.336,7.469,71796.25,66662.13,66370.25,0.9
2016-06-29,7.55,7.89,7.63,7.53,124975.11,0.08,1.06,7.366,7.317,7.468,69012.45,66623.31,69052.83,2.35
2016-06-28,7.3,7.55,7.55,7.25,72390.48,0.24,3.28,7.282,7.301,7.449,54309.54,59932.5,66314.74,1.36
2016-06-27,7.15,7.33,7.31,7.1,50210.49,0.14,1.95,7.188,7.272,7.426,54395.67,56777.08,64966.79,0.94
2016-06-24,7.18,7.25,7.17,6.96,63494.1,0.0,0.0,7.166,7.258,7.418,65511.14,60795.64,64683.7,1.19
2016-06-23,7.21,7.25,7.17,7.12,33992.08,-0.04,-0.56,7.22,7.321,7.415,61528.01,59892.92,63470.93,0.64
2016-06-22,7.08,7.23,7.21,7.08,51460.53,0.13,1.84,7.268,7.384,7.413,64234.17,62196.62,63917.09,0.97
2016-06-21,7.21,7.34,7.08,7.05,72821.14,-0.12,-1.67,7.32,7.451,7.412,65555.46,64344.32,63715.39,1.37
2016-06-20,7.31,7.41,7.2,7.03,105787.85,-0.24,-3.23,7.356,7.524,7.414,59158.5,64146.36,62529.88,1.99
2016-06-17,7.43,7.58,7.44,7.33,43578.46,0.03,0.41,7.35,7.573,7.406,56080.15,60135.71,59583.87,0.82
2016-06-16,7.46,7.6,7.41,7.41,47522.86,-0.06,-0.8,7.422,7.602,7.386,58257.84,66078.36,61356.07,0.89
2016-06-15,7.15,7.55,7.47,7.12,58067.0,0.21,2.89,7.5,7.619,7.385,60159.07,71482.35,61941.86,1.09
2016-06-14,7.17,7.32,7.26,7.1,40836.32,0.09,1.25,7.582,7.596,7.376,63133.18,72696.98,61397.49,0.77
2016-06-13,7.76,7.76,7.17,7.17,90396.09,-0.63,-8.08,7.692,7.579,7.367,69134.22,73156.5,61402.44,1.7
2016-06-08,7.8,7.94,7.8,7.65,54466.91,0.0,0.0,7.796,7.578,7.363,64191.28,68571.76,59909.93,1.02
2016-06-07,7.85,7.94,7.8,7.68,57029.01,-0.08,-1.01,7.782,7.509,7.333,73898.89,67048.93,59560.07,1.07
2016-06-06,7.81,8.02,7.88,7.8,72937.56,0.07,0.9,7.738,7.441,7.308,82805.64,65637.57,59506.0,1.37
2016-06-03,7.72,7.98,7.81,7.63,70841.54,0.12,1.56,7.61,7.373,7.281,82260.79,63086.46,65489.61,1.33
2016-06-02,7.68,7.78,7.69,7.61,65681.36,-0.04,-0.52,7.466,7.303,7.298,77178.77,60913.41,67857.7,1.24
2016-06-01,7.56,7.75,7.73,7.49,103004.98,0.15,1.98,7.36,7.239,7.348,72952.25,59032.03,67940.43,1.94
2016-05-31,7.24,7.69,7.58,7.2,101562.75,0.34,4.7,7.236,7.169,7.394,60198.97,56633.78,69388.38,1.91
2016-05-30,7.04,7.4,7.24,6.98,70213.32,0.15,2.12,7.144,7.151,7.436,48469.51,52401.37,68842.66,1.32
2016-05-27,7.12,7.2,7.09,7.0,45431.46,-0.07,-0.98,7.136,7.155,7.486,43912.14,50097.99,68317.13,0.85
2016-05-26,7.13,7.18,7.16,6.95,44548.72,0.05,0.7,7.14,7.155,7.549,44648.05,49648.39,72104.52,0.84
2016-05-25,7.18,7.26,7.11,7.08,39238.62,-0.01,-0.14,7.118,7.148,7.614,45111.82,51248.1,76023.83,0.74
2016-05-24,7.19,7.19,7.12,7.03,42915.42,-0.08,-1.11,7.102,7.156,7.671,53068.59,52071.21,77355.55,0.81
2016-05-23,7.12,7.23,7.2,7.08,47426.46,0.09,1.27,7.158,7.174,7.72,56333.23,53374.42,78576.34,0.89
2016-05-20,7.02,7.14,7.11,6.95,49111.01,0.06,0.85,7.174,7.188,7.771,56283.84,67892.75,81489.44,0.92
2016-05-19,7.04,7.18,7.05,6.98,46867.58,0.02,0.28,7.17,7.293,7.822,54648.73,74801.99,83664.14,0.88
2016-05-18,7.31,7.35,7.03,6.94,79022.49,-0.37,-5.0,7.178,7.457,7.883,57384.37,76848.82,90789.59,1.49
2016-05-17,7.28,7.46,7.4,7.18,59238.63,0.12,1.65,7.21,7.619,7.978,51073.83,82142.98,92864.51,1.11
2016-05-16,7.2,7.3,7.28,7.07,47179.5,0.19,2.68,7.19,7.72,8.062,50415.6,85283.95,97120.16,0.89
2016-05-13,7.03,7.22,7.09,7.02,40935.47,0.0,0.0,7.202,7.816,8.15,79501.67,86536.27,104489.16,0.77
2016-05-12,7.03,7.09,7.09,6.86,60545.77,-0.1,-1.39,7.416,7.943,8.252,94955.25,94560.65,111334.82,1.14
2016-05-11,7.4,7.5,7.19,7.16,47469.78,-0.11,-1.51,7.736,8.079,8.346,96313.27,100799.57,118676.9,0.89
2016-05-10,7.23,7.41,7.3,7.22,55947.5,-0.04,-0.55,8.028,8.185,8.444,113212.12,102639.89,127134.36,1.05
2016-05-09,8.11,8.12,7.34,7.34,192609.81,-0.82,-10.05,8.25,8.265,8.524,120152.3,103778.27,137969.49,3.62
2016-05-06,8.69,8.73,8.16,8.1,118203.4,-0.53,-6.1,8.43,8.354,8.58,93570.87,95086.13,140258.62,2.22
2016-05-05,8.66,8.75,8.69,8.53,67335.86,0.04,0.46,8.47,8.351,8.577,94166.04,92526.3,143633.54,1.27
2016-05-04,8.41,8.9,8.65,8.36,131964.05,0.24,2.85,8.422,8.309,8.546,105285.87,104730.37,146363.48,2.48
2016-05-03,8.21,8.43,8.41,8.05,90648.38,0.17,2.06,8.342,8.336,8.508,92067.65,103586.03,145503.78,1.71
2016-04-29,8.28,8.36,8.24,8.12,59702.67,-0.12,-1.44,8.28,8.404,8.475,87404.24,108956.36,146304.03,1.12
2016-04-28,8.44,8.52,8.36,8.0,121179.26,-0.09,-1.06,8.278,8.484,8.449,96601.38,122442.04,148209.41,2.28
2016-04-27,8.3,8.79,8.45,8.27,122935.01,0.2,2.42,8.232,8.561,8.418,90886.55,128109.0,146725.17,2.31
2016-04-26,8.13,8.25,8.25,8.06,65872.94,0.15,1.85,8.196,8.613,8.367,104174.86,136554.23,145166.76,1.24
2016-04-25,8.18,8.28,8.1,8.02,67331.3,-0.13,-1.58,8.33,8.703,8.33,115104.41,151628.84,146653.9,1.27
2016-04-22,8.18,8.27,8.23,7.9,105688.39,0.1,1.23,8.528,8.783,8.309,130508.48,172160.71,148059.66,1.99
2016-04-21,8.15,8.45,8.13,8.1,92605.09,-0.14,-1.69,8.69,8.805,8.28,148282.71,185431.12,150115.6,1.74
2016-04-20,8.98,9.05,8.27,8.05,189376.56,-0.65,-7.29,8.89,8.803,8.274,165331.45,194740.79,156125.91,3.56
2016-04-19,9.06,9.15,8.92,8.86,120520.73,-0.17,-1.87,9.03,8.782,8.242,168933.6,187996.59,153724.01,2.27
2016-04-18,9.0,9.11,9.09,8.79,144351.64,0.05,0.55,9.076,8.68,8.184,188153.26,187421.53,159218.08,2.72
2016-04-15,9.03,9.08,9.04,8.81,194559.52,-0.09,-0.99,9.038,8.545,8.099,213812.94,183651.71,161317.59,3.66
2016-04-14,8.98,9.14,9.13,8.82,177848.81,0.16,1.78,8.92,8.413,8.007,222579.53,173976.77,161772.84,3.35
2016-04-13,9.1,9.17,8.97,8.95,207387.3,-0.18,-1.97,8.716,8.274,7.9,224150.12,165341.34,164197.0,3.9
2016-04-12,8.9,9.22,9.15,8.62,216619.02,0.25,2.81,8.534,8.121,7.793,207059.57,153779.28,158101.92,4.07
2016-04-11,8.46,9.13,8.9,8.43,272650.06,0.45,5.33,8.284,7.957,7.675,186689.81,141678.97,152741.17,5.13
2016-04-08,8.01,8.63,8.45,7.98,238392.44,0.34,4.19,8.052,7.835,7.557,153490.47,123958.61,143915.27,4.48
2016-04-07,8.04,8.37,8.11,8.01,185701.77,0.05,0.62,7.906,7.755,7.464,125374.02,114800.08,141363.91,3.49
2016-04-06,7.85,8.07,8.06,7.78,121934.57,0.16,2.02,7.832,7.745,7.383,106532.56,117511.04,135314.93,2.29
2016-04-05,7.72,7.96,7.9,7.64,114770.21,0.16,2.07,7.708,7.702,7.314,100498.99,119451.44,134096.05,2.16
2016-04-01,7.72,7.74,7.74,7.45,106653.35,0.02,0.26,7.63,7.687,7.258,96668.14,131014.63,134343.39,2.01
2016-03-31,7.8,7.84,7.72,7.64,97810.19,-0.02,-0.26,7.618,7.652,7.191,94426.75,138983.48,134513.44,1.84
2016-03-30,7.5,7.78,7.74,7.48,91494.47,0.3,4.03,7.604,7.6,7.14,104226.13,149568.9,137014.51,1.72
2016-03-29,7.52,7.63,7.44,7.24,91766.75,-0.07,-0.93,7.658,7.525,7.079,128489.52,163052.66,137920.34,1.73
2016-03-28,7.67,7.83,7.51,7.49,95615.92,-0.17,-2.21,7.696,7.465,7.015,138403.88,162424.55,138516.58,1.8
2016-03-25,7.58,7.78,7.68,7.53,95446.44,0.03,0.39,7.744,7.392,6.939,165361.11,163803.36,139586.88,1.8
2016-03-24,7.93,7.94,7.65,7.63,146807.08,-0.36,-4.49,7.686,7.278,6.881,183540.2,163871.92,140040.91,2.76
2016-03-23,7.65,8.07,8.01,7.6,212811.42,0.38,4.98,7.596,7.173,6.829,194911.66,167927.75,142140.56,4.0
2016-03-22,7.63,7.7,7.63,7.52,141338.55,-0.12,-1.55,7.392,7.021,6.797,197615.8,153118.81,143241.27,2.66
2016-03-21,7.5,7.85,7.75,7.39,230402.08,0.36,4.87,7.234,6.926,6.769,186445.22,148740.66,140902.14,4.33
2016-03-18,7.2,7.51,7.39,7.16,186341.86,0.19,2.64,7.04,6.829,6.741,162245.6,137672.16,135312.61,3.51
2016-03-17,6.95,7.27,7.2,6.92,203664.41,0.21,3.0,6.87,6.729,6.723,144203.64,130043.4,131290.11,3.83
2016-03-16,7.0,7.49,6.99,6.93,226332.11,0.15,2.19,6.75,6.679,6.715,140943.84,124460.11,129750.71,4.26
2016-03-15,6.82,6.92,6.84,6.73,85485.62,0.06,0.89,6.65,6.633,6.711,108621.82,112788.01,124395.63,1.61
2016-03-14,6.59,6.9,6.78,6.59,109404.02,0.24,3.67,6.618,6.564,6.712,111036.11,114608.62,126897.96,2.06
2016-03-11,6.55,6.63,6.54,6.39,96132.06,-0.06,-0.91,6.618,6.485,6.703,113098.71,115370.4,125451.41,1.81
2016-03-10,6.54,7.14,6.6,6.44,187365.39,0.11,1.7,6.588,6.483,6.711,115883.15,116209.89,128976.92,3.52
2016-03-09,6.58,6.65,6.49,6.4,64722.02,-0.19,-2.84,6.608,6.485,6.73,107976.39,116353.37,128088.18,1.22
2016-03-08,6.77,6.77,6.68,6.3,97557.04,-0.1,-1.48,6.616,6.572,6.723,116954.2,133363.72,129001.59,1.84
2016-03-07,6.47,6.85,6.78,6.47,119717.02,0.39,6.1,6.51,6.611,6.703,118181.13,133063.61,128777.63,2.25
2016-03-04,6.62,6.73,6.39,6.2,110054.29,-0.31,-4.63,6.352,6.653,6.667,117642.09,132953.06,126615.34,2.07
2016-03-03,6.51,6.88,6.7,6.51,147831.56,0.17,2.6,6.378,6.716,6.654,116536.63,132536.82,126449.97,2.78
2016-03-02,6.16,6.58,6.53,6.1,109611.07,0.38,6.18,6.362,6.751,6.613,124730.36,135041.3,123568.41,2.06
2016-03-01,6.03,6.25,6.15,5.95,103691.71,0.16,2.67,6.528,6.789,6.597,149773.25,136003.26,124974.35,1.95
2016-02-29,6.49,6.49,5.99,5.92,117021.84,-0.53,-8.13,6.712,6.86,6.609,147946.09,139187.29,125151.46,2.2
2016-02-26,6.66,6.78,6.52,6.36,104526.98,-0.1,-1.51,6.954,6.92,6.662,148264.03,135532.41,123538.45,1.97
2016-02-25,7.2,7.28,6.62,6.62,188800.19,-0.74,-10.05,7.054,6.938,6.683,148537.0,141743.95,122967.52,3.55
2016-02-24,7.0,7.63,7.36,6.98,234825.53,0.29,4.1,7.14,6.975,6.689,145352.24,139822.98,118939.67,4.42
2016-02-23,7.19,7.21,7.07,6.96,94555.91,-0.13,-1.81,7.05,6.874,6.67,122233.27,124639.46,114426.11,1.78
2016-02-22,7.09,7.26,7.2,7.03,118611.54,0.18,2.56,7.008,6.795,6.674,130428.49,124491.65,118928.19,2.23
2016-02-19,6.98,7.09,7.02,6.88,105891.84,-0.03,-0.43,6.886,6.68,6.654,122800.8,120277.62,119103.64,1.99
2016-02-18,6.98,7.21,7.05,6.92,172876.38,0.14,2.03,6.822,6.592,6.636,134950.91,120363.12,120188.6,3.25
2016-02-17,6.83,6.94,6.91,6.75,119230.66,0.05,0.73,6.81,6.475,6.627,134293.72,112095.52,118788.39,2.24
2016-02-16,6.62,6.93,6.86,6.62,135532.05,0.27,4.1,6.698,6.404,6.614,127045.66,113945.44,119353.74,2.55
2016-02-15,6.43,6.64,6.59,6.37,80473.05,-0.11,-1.64,6.582,6.357,6.617,118554.8,111115.63,119445.3,1.51
2016-02-05,7.0,7.1,6.7,6.65,166642.39,-0.29,-4.15,6.474,6.404,6.628,117754.44,111544.49,127402.54,3.13
2016-02-04,6.34,6.99,6.99,6.31,169590.44,0.64,10.08,6.362,6.427,6.672,105775.34,104191.09,129252.47,3.19
2016-02-03,6.21,6.36,6.35,6.12,82990.37,0.07,1.11,6.14,6.402,6.699,89897.33,98056.35,123384.89,1.56
2016-02-02,6.07,6.34,6.28,6.05,93077.75,0.23,3.8,6.11,6.465,6.799,100845.21,104212.76,129173.61,1.75
2016-02-01,6.15,6.19,6.05,5.95,76471.25,-0.09,-1.47,6.132,6.552,6.889,103676.45,113364.74,136529.62,1.44
2016-01-29,5.9,6.2,6.14,5.85,106746.88,0.26,4.42,6.334,6.628,7.007,105334.55,117929.66,142400.8,2.01
2016-01-28,6.08,6.23,5.88,5.88,90200.38,-0.32,-5.16,6.492,6.68,7.166,102606.83,120014.07,155539.75,1.7
2016-01-27,6.46,6.49,6.2,5.84,137729.8,-0.19,-2.97,6.664,6.779,7.381,106215.38,125481.26,156937.3,2.59
2016-01-26,6.96,7.08,6.39,6.35,107233.95,-0.67,-9.49,6.82,6.823,7.583,107580.31,124762.05,156065.31,2.02
2016-01-25,7.0,7.1,7.06,6.92,84761.72,0.13,1.88,6.972,6.876,7.775,123053.02,127774.98,157714.86,1.59
2016-01-22,6.84,6.96,6.93,6.68,93108.32,0.19,2.82,6.922,6.852,7.925,130524.77,143260.59,160020.11,1.75
2016-01-21,6.88,7.12,6.74,6.72,108243.1,-0.24,-3.44,6.868,6.917,8.098,137421.31,154313.86,160635.33,2.04
2016-01-20,7.06,7.16,6.98,6.91,144554.48,-0.17,-2.38,6.894,6.996,8.286,144747.14,148713.43,163221.84,2.72
2016-01-19,6.78,7.22,7.15,6.7,184597.48,0.34,4.99,6.826,7.133,8.484,141943.79,154134.46,165462.57,3.47
2016-01-18,6.58,6.9,6.81,6.45,122120.49,0.15,2.25,6.78,7.226,8.686,132496.94,159694.5,166973.82,2.3
2016-01-15,6.79,7.01,6.66,6.6,127591.01,-0.21,-3.06,6.782,7.385,8.895,155996.4,166871.95,172837.14,2.4
2016-01-14,6.45,6.93,6.87,6.35,144872.23,0.23,3.46,6.966,7.652,9.111,171206.41,191065.43,177627.53,2.73
2016-01-13,6.95,7.05,6.64,6.64,130537.73,-0.28,-4.05,7.098,7.983,9.296,152679.72,188393.35,178645.05,2.46
2016-01-12,6.88,7.0,6.92,6.67,137363.25,0.1,1.47,7.44,8.343,9.483,166325.14,187368.58,179877.06,2.58
2016-01-11,7.34,7.48,6.82,6.82,239617.8,-0.76,-10.03,7.672,8.673,9.649,186892.05,187654.74,183318.3,4.51
2016-01-08,7.7,7.82,7.58,7.13,203641.02,0.05,0.66,7.988,8.997,9.832,177747.49,176779.63,185146.45,3.83
2016-01-07,8.15,8.16,7.53,7.52,52238.81,-0.82,-9.82,8.338,9.279,10.006,210924.46,166956.8,190181.65,0.98
2016-01-06,8.09,8.45,8.35,8.05,198764.8,0.27,3.34,8.868,9.576,10.182,224106.98,177730.25,198106.05,3.74
2016-01-05,7.91,8.37,8.08,7.65,240197.81,-0.32,-3.81,9.246,9.835,10.312,208412.01,176790.68,197297.33,4.52
2016-01-04,9.2,9.24,8.4,8.4,193895.0,-0.93,-9.97,9.674,10.145,10.448,188417.44,174253.14,199566.48,3.65
2015-12-31,9.9,9.95,9.33,9.32,369525.88,-0.85,-8.35,10.006,10.404,10.552,175811.77,178802.33,201053.35,6.95
2015-12-16,10.25,10.35,10.18,10.15,118151.41,-0.06,-0.59,10.22,10.57,10.615,122989.15,164189.62,190148.24,2.22
2015-12-15,10.25,10.43,10.24,10.13,120289.97,0.02,0.2,10.284,10.608,10.623,131353.52,168896.76,193679.66,2.26
2015-12-14,9.9,10.28,10.22,9.76,140224.92,0.16,1.59,10.424,10.622,10.649,145169.34,172385.55,200524.68,2.64
2015-12-11,10.43,10.53,10.06,10.01,130866.67,-0.34,-3.27,10.616,10.625,10.683,160088.84,178981.85,203796.99,2.46
2015-12-10,10.46,10.58,10.4,10.31,105412.77,-0.1,-0.95,10.802,10.666,10.714,181792.89,193513.28,210983.62,1.98
2015-12-09,10.85,10.88,10.5,10.38,159973.25,-0.44,-4.02,10.92,10.733,10.742,205390.09,213406.49,225715.56,3.01
2015-12-08,11.28,11.28,10.94,10.75,189369.11,-0.24,-2.15,10.932,10.788,10.779,206440.0,218481.85,242423.79,3.56
2015-12-07,10.95,11.25,11.18,10.72,214822.41,0.19,1.73,10.82,10.789,10.744,199601.76,217803.97,248872.43,4.04
2015-12-04,10.81,11.3,10.99,10.76,239386.91,0.0,0.0,10.634,10.751,10.694,197874.86,224879.81,255951.59,4.5
2015-12-03,10.61,11.07,10.99,10.46,223398.78,0.43,4.07,10.53,10.699,10.637,205233.66,223304.37,260673.72,4.2
2015-12-02,10.38,10.78,10.56,10.25,165222.77,0.18,1.73,10.546,10.659,10.564,221422.88,216106.86,270279.45,3.11
2015-12-01,10.33,10.49,10.38,10.19,155177.94,0.13,1.27,10.644,10.638,10.518,230523.71,218462.57,280550.07,2.92
2015-11-30,10.43,10.55,10.25,9.63,206187.88,-0.22,-2.1,10.758,10.675,10.455,236006.18,228663.81,285516.27,3.88
2015-11-27,11.01,11.29,10.47,10.0,276180.94,-0.6,-5.42,10.868,10.741,10.407,251884.77,228612.14,291464.01,5.2
2015-11-26,11.23,11.51,11.07,10.97,304344.88,0.02,0.18,10.868,10.762,10.345,241375.07,228453.96,296658.04,5.72
2015-11-25,11.05,11.17,11.05,10.88,210726.92,0.1,0.91,10.772,10.751,10.241,210790.84,238024.63,294232.12,3.96
2015-11-24,10.83,10.99,10.95,10.6,182590.3,0.15,1.39,10.632,10.769,10.128,206401.43,266365.73,297156.5,3.43
2015-11-23,10.53,11.09,10.8,10.45,285580.81,0.33,3.15,10.592,10.698,10.026,221321.43,279940.88,300528.53,5.37
2015-11-20,10.6,10.61,10.47,10.3,223632.44,-0.12,-1.13,10.614,10.636,9.931,205339.51,287023.37,300942.86,4.21
2015-11-19,10.4,10.65,10.59,10.2,151423.73,0.24,2.32,10.656,10.574,9.847,215532.85,298043.07,305838.23,2.85
2015-11-18,10.78,10.91,10.35,10.3,188779.86,-0.4,-3.72,10.73,10.469,9.74,265258.42,324452.03,313213.44,3.55
2015-11-17,10.98,11.4,10.75,10.71,257190.31,-0.16,-1.47,10.906,10.398,9.63,326330.03,342637.58,325517.55,4.84
2015-11-16,10.39,10.96,10.91,10.3,205671.19,0.23,2.15,10.804,10.234,9.545,338560.33,342368.74,326504.95,3.87
2015-11-13,10.85,11.1,10.68,10.42,274599.16,-0.28,-2.56,10.658,10.073,9.448,368707.23,354315.88,342787.68,5.17
2015-11-12,11.0,11.6,10.96,10.88,400051.59,-0.27,-2.4,10.492,9.928,9.371,380553.29,364862.12,357677.69,7.53
2015-11-11,10.24,11.26,11.23,10.21,494137.91,0.99,9.67,10.208,9.731,9.239,383645.65,350439.61,351718.55,9.3
2015-11-10,10.03,10.53,10.24,10.03,318341.81,0.06,0.59,9.89,9.487,9.084,358945.12,327947.27,338061.79,5.99
2015-11-09,9.85,10.45,10.18,9.81,356405.69,0.33,3.35,9.664,9.353,8.993,346177.14,321116.17,334029.25,6.7
2015-11-06,9.46,9.94,9.85,9.45,333829.44,0.31,3.25,9.488,9.226,8.901,339924.53,314862.36,332396.85,6.28
2015-11-05,9.62,9.99,9.54,9.48,415513.38,-0.1,-1.04,9.364,9.12,8.803,349170.96,313633.39,325912.43,7.82
2015-11-04,9.19,9.75,9.64,9.07,370635.28,0.53,5.82,9.254,9.01,8.711,317233.56,301974.85,314230.78,6.97
2015-11-03,9.3,9.37,9.11,8.89,254501.92,-0.19,-2.04,9.084,8.862,8.602,296949.41,308397.51,295987.91,4.79
2015-11-02,9.18,9.64,9.3,9.0,325142.62,0.07,0.76,9.042,8.856,8.517,296055.21,310641.16,289375.08,6.12
2015-10-30,8.96,9.44,9.23,8.9,380061.59,0.24,2.67,8.964,8.823,8.411,289800.19,331259.47,279649.85,7.15
2015-10-29,8.83,9.1,8.99,8.77,255826.41,0.2,2.27,8.876,8.814,8.325,278095.83,350493.25,265999.28,4.81
2015-10-28,8.87,9.19,8.79,8.71,269214.53,-0.11,-1.24,8.766,8.746,8.247,286716.14,352997.5,263605.15,5.06
2015-10-27,8.8,8.95,8.9,8.3,250030.88,-0.01,-0.11,8.64,8.68,8.202,319845.61,348176.32,261372.84,4.7
2015-10-26,8.95,9.25,8.91,8.76,293867.53,0.12,1.36,8.67,8.632,8.137,325227.11,346942.32,259467.09,5.53
2015-10-23,8.42,8.94,8.79,8.38,321539.78,0.35,4.15,8.682,8.576,8.084,372718.76,349931.35,260155.82,6.05
2015-10-22,8.3,8.59,8.44,8.0,298927.97,0.28,3.43,8.752,8.486,8.033,422890.67,338191.47,256659.87,5.62
2015-10-21,8.96,9.39,8.16,8.15,434861.91,-0.89,-9.83,8.726,8.411,7.987,419278.87,326486.7,253488.11,8.18
2015-10-20,8.96,9.12,9.05,8.73,276938.34,0.08,0.89,8.72,8.342,7.949,376507.02,283578.31,252466.19,5.21
2015-10-19,9.1,9.44,8.97,8.84,531325.81,-0.17,-1.86,8.594,8.177,7.904,368657.53,268109.0,261400.59,9.99
2015-10-16,8.34,9.14,9.14,8.24,572399.31,0.83,9.99,8.47,7.999,7.837,327143.93,228040.22,248550.48,10.77
2015-10-15,7.92,8.33,8.31,7.92,280868.97,0.18,2.21,8.22,7.836,7.803,253492.27,181505.32,240299.05,5.28
2015-10-14,8.34,8.4,8.13,8.13,221002.69,-0.29,-3.44,8.096,7.747,7.858,233694.54,174212.79,241679.31,4.16
2015-10-13,8.3,8.6,8.42,8.2,237690.88,0.07,0.84,7.964,7.723,7.908,190649.6,174569.36,248869.52,4.47
2015-10-12,7.95,8.52,8.35,7.94,323757.81,0.46,5.83,7.76,7.641,7.973,167560.47,171991.87,268349.05,6.09
2015-10-09,7.61,7.93,7.89,7.61,204141.0,0.2,2.6,7.528,7.591,8.021,128936.51,170380.28,285428.03,3.84
2015-10-08,7.7,7.79,7.69,7.55,181880.3,0.29,3.92,7.452,7.58,8.143,109518.37,175128.27,323724.93,3.42
2015-10-07,7.46,7.47,7.47,7.36,5778.0,0.07,0.95,7.398,7.562,8.333,114731.05,180489.53,315054.71,0.11
2015-09-30,7.28,7.5,7.4,7.25,122245.24,0.21,2.92,7.482,7.555,8.598,158489.13,221354.07,315088.16,2.3
2015-09-29,7.36,7.42,7.19,7.15,130638.02,-0.32,-4.26,7.522,7.631,8.938,176423.26,254692.18,309214.8,2.46
2015-09-28,7.46,7.54,7.51,7.32,107050.31,0.09,1.21,7.654,7.674,9.367,211824.06,269060.74,303140.7,2.01
2015-09-25,7.86,7.95,7.42,7.36,207943.69,-0.47,-5.96,7.708,7.77,9.867,240738.17,299092.77,298622.15,3.91
2015-09-24,7.63,7.9,7.89,7.6,224568.38,0.29,3.82,7.726,7.969,10.293,246248.0,309145.82,288390.02,4.22
2015-09-23,7.67,7.77,7.6,7.46,211915.91,-0.25,-3.19,7.628,8.093,10.625,284219.0,323169.68,301336.03,3.99
2015-09-22,7.79,8.13,7.85,7.71,307642.0,0.07,0.9,7.74,8.304,10.924,332961.1,364706.24,318668.71,5.79
2015-09-21,7.3,7.9,7.78,7.24,251620.88,0.27,3.6,7.694,8.45,11.2,326297.41,400475.77,326538.8,4.73
2015-09-18,7.59,7.68,7.51,7.21,235492.84,0.11,1.49,7.832,8.706,11.419,357447.38,472321.59,326051.64,4.43
2015-09-17,7.89,8.12,7.4,7.38,414423.38,-0.76,-9.31,8.212,9.104,11.654,372043.64,449619.9,327225.89,7.8
2015-09-16,7.55,8.37,8.16,7.1,455626.41,0.54,7.09,8.558,9.641,11.871,362120.36,408822.26,314569.45,8.57
2015-09-15,7.92,8.1,7.62,7.62,274323.56,-0.85,-10.04,8.868,10.244,12.032,396451.37,363737.42,303986.51,5.16
2015-09-14,9.6,9.66,8.47,8.47,407370.69,-0.94,-9.99,9.206,11.059,12.241,474654.13,337220.67,300215.05,7.66
2015-09-11,9.23,9.5,9.41,9.12,308474.16,0.28,3.07,9.58,11.964,12.411,587195.8,298151.52,289408.65,5.8
2015-09-10,9.45,9.61,9.13,9.01,364807.0,-0.58,-5.97,9.996,12.616,12.537,527196.16,267634.22,285329.94,6.86
2015-09-09,9.41,9.95,9.71,9.3,627281.44,0.4,4.3,10.724,13.156,12.707,455524.16,279502.37,281322.05,11.8
2015-09-08,9.4,9.75,9.31,9.31,665337.38,-1.03,-9.96,11.62,13.543,12.848,331023.48,272631.18,264262.76,12.52
2015-09-07,10.34,10.99,10.34,10.34,970079.0,-1.15,-10.01,12.912,13.95,12.992,199787.2,252601.82,242025.51,18.25
2015-09-02,11.49,11.49,11.49,11.49,8476.0,-1.28,-10.02,14.348,14.132,13.076,9107.24,179781.69,206781.55,0.16
2015-09-01,12.77,12.77,12.77,12.77,6447.0,-1.42,-10.01,15.236,14.204,13.116,8072.29,204831.88,223350.57,0.12
2015-08-31,14.19,14.19,14.19,14.19,4778.0,-1.58,-10.02,15.588,14.101,13.111,103480.58,220316.64,236143.73,0.09
2015-08-28,15.77,15.77,15.77,15.77,9156.0,-1.75,-9.99,15.466,13.819,13.025,214238.88,244235.6,249304.95,0.17
2015-05-28,17.52,17.52,17.52,17.52,16679.21,1.59,9.98,14.988,13.423,12.848,305416.45,263209.43,261826.23,0.31
2015-05-27,15.93,15.93,15.93,15.93,3301.22,1.45,10.01,13.916,12.858,12.577,350456.13,280665.79,276444.02,0.06
2015-04-28,13.56,14.53,14.53,13.31,483488.47,0.95,7.0,13.172,12.458,12.373,401591.47,303025.65,295213.83,9.09
2015-04-27,13.96,14.2,13.58,13.38,558569.5,0.2,1.5,12.614,12.258,12.259,337152.7,283141.73,285304.64,10.51
2015-04-24,12.0,13.38,13.38,11.88,465043.84,1.22,10.03,12.172,12.152,12.186,274232.31,255894.33,270123.26,8.75
2015-04-23,12.25,12.43,12.16,12.08,241877.61,-0.05,-0.41,11.858,12.034,12.116,221002.41,231449.2,258657.35,4.55
2015-04-22,11.81,12.29,12.21,11.8,258977.92,0.47,4.0,11.8,12.02,12.113,210875.45,233781.41,259706.08,4.87
2015-04-21,11.35,11.75,11.74,11.32,161294.61,0.37,3.25,11.744,12.028,12.107,204459.83,241869.26,259754.62,3.03
2015-04-20,11.8,11.81,11.37,11.3,243967.59,-0.44,-3.73,11.902,12.12,12.133,229130.77,251970.82,266787.48,4.59
2015-04-17,11.93,12.13,11.81,11.67,198894.34,-0.06,-0.51,12.132,12.231,12.192,237556.35,254374.3,268542.86,3.74
2015-04-16,11.6,12.13,11.87,11.52,191242.78,-0.06,-0.5,12.21,12.273,12.223,241895.99,260443.03,274346.9,3.6
2015-04-15,12.5,12.53,11.93,11.85,226899.81,-0.6,-4.79,12.24,12.295,12.255,256687.38,272222.25,281901.82,4.27
2015-04-14,12.45,12.87,12.53,12.3,284649.34,0.01,0.08,12.312,12.288,12.288,279278.69,287402.02,287402.02,5.35
2015-04-13,12.24,12.6,12.52,12.2,286095.5,0.32,2.62,12.338,12.261,12.261,274810.87,287707.87,287707.87,5.38
2015-04-10,12.0,12.36,12.2,11.81,220592.52,0.18,1.5,12.33,12.229,12.229,271192.24,287909.42,287909.42,4.15
2015-04-09,12.29,12.36,12.02,11.75,265199.72,-0.27,-2.2,12.336,12.233,12.233,278990.07,297526.12,297526.12,4.99
2015-04-08,12.66,12.69,12.29,11.89,339856.38,-0.37,-2.92,12.35,12.268,12.268,287757.12,302913.86,302913.86,6.39
2015-04-07,12.75,12.77,12.66,12.43,262310.22,0.18,1.44,12.264,12.264,12.264,295525.35,295525.35,295525.35,4.93
2015-04-03,12.1,12.88,12.48,12.03,268002.34,0.25,2.04,12.165,12.165,12.165,303829.13,303829.13,303829.13,5.04
2015-04-02,12.15,12.28,12.23,11.92,259581.69,0.14,1.16,12.06,12.06,12.06,315771.4,315771.4,315771.4,4.88
2015-04-01,11.88,12.28,12.09,11.75,309034.97,0.23,1.94,11.975,11.975,11.975,343866.25,343866.25,343866.25,5.81
2015-03-31,11.56,12.13,11.86,11.56,378697.53,0.31,2.68,11.86,11.86,11.86,378697.53,378697.53,378697.53,7.12
