date,open,high,close,low,volume,price_change,p_change,ma5,ma10,ma20,v_ma5,v_ma10,v_ma20,turnover
2018-03-29,15.8,15.84,15.64,15.32,36597.0,-0.02,-0.13,15.18,15.479,15.306,48555.13,44979.77,40888.04,0.65
2018-03-28,15.36,15.99,15.66,15.0,43838.18,0.29,1.89,15.184,15.508,15.239,48348.07,46562.5,41384.34,0.78
2018-03-27,14.99,15.45,15.37,14.99,43520.76,0.45,3.02,15.192,15.551,15.175,49894.34,47658.43,41195.87,0.77
2018-03-26,14.02,15.1,14.92,13.6,52080.0,0.61,4.26,15.276,15.59,15.097,46979.2,47667.23,42509.3,0.92
2018-03-23,14.1,15.45,14.31,14.09,66739.72,-1.35,-8.62,15.44,15.636,15.074,45993.78,47229.03,41817.4,1.18
2018-03-22,15.6,16.07,15.66,15.6,35561.67,-0.04,-0.26,15.778,15.698,15.06,41404.4,44016.25,39129.08,0.63
2018-03-21,15.83,16.35,15.7,15.7,51569.57,-0.09,-0.57,15.832,15.591,14.982,44776.94,42122.97,38083.92,0.91
2018-03-20,15.56,15.9,15.79,15.56,28945.05,0.05,0.32,15.91,15.49,14.896,45422.52,38879.36,36092.29,0.51
2018-03-19,15.75,15.95,15.74,15.4,47152.91,-0.26,-1.62,15.904,15.401,14.799,48355.26,38820.17,35969.61,0.84
2018-03-16,15.96,16.28,16.0,15.96,43792.8,0.07,0.44,15.832,15.298,14.696,48464.27,37574.4,35841.49,0.78
2018-03-15,16.0,16.07,15.93,15.61,52424.37,-0.16,-0.99,15.618,15.132,14.545,46628.11,36796.32,36166.56,0.93
2018-03-14,15.66,16.15,16.09,15.66,54797.48,0.33,2.09,15.35,14.97,14.429,39469.01,36206.17,34436.63,0.97
2018-03-13,15.38,15.9,15.76,15.31,43608.73,0.38,2.47,15.07,14.799,14.303,32336.2,34733.31,33263.18,0.77
2018-03-12,14.95,15.49,15.38,14.95,47697.98,0.45,3.01,14.898,14.603,14.2,29285.08,37351.37,32734.62,0.85
2018-03-09,14.55,15.05,14.93,14.55,34611.97,0.34,2.33,14.764,14.511,14.144,26684.52,36405.77,32300.56,0.61
2018-03-08,14.66,14.81,14.59,14.55,16628.88,-0.1,-0.68,14.646,14.421,14.103,26964.53,34241.91,32321.5,0.29
2018-03-07,14.87,14.87,14.69,14.59,19133.45,-0.21,-1.41,14.59,14.372,14.065,32943.33,34044.87,34998.58,0.34
2018-03-06,14.7,14.98,14.9,14.58,28353.14,0.19,1.29,14.528,14.301,14.061,37130.42,33305.23,35800.5,0.5
2018-03-05,14.55,14.8,14.71,14.41,34695.17,0.37,2.58,14.308,14.196,14.067,45417.65,33119.05,36453.51,0.61
2018-03-02,14.15,14.52,14.34,14.14,36012.0,0.03,0.21,14.258,14.093,14.069,46127.02,34108.59,36988.9,0.64
2018-03-01,14.4,14.62,14.31,14.0,46522.9,-0.07,-0.49,14.196,13.957,14.104,41519.3,35536.8,37324.41,0.82
2018-02-28,13.79,14.45,14.38,13.79,40068.89,0.58,4.2,14.154,13.888,14.149,35146.41,32667.08,36035.59,0.71
2018-02-27,14.39,14.39,13.8,13.61,69789.27,-0.66,-4.56,14.074,13.806,14.192,29480.03,31793.06,36177.83,1.24
2018-02-26,14.06,14.5,14.46,13.94,38242.05,0.43,3.06,14.084,13.796,14.262,20820.44,28117.87,35429.47,0.68
2018-02-23,14.11,14.22,14.03,13.89,12973.39,-0.07,-0.5,13.928,13.777,14.33,22090.16,28195.35,37502.32,0.23
2018-02-22,14.24,14.37,14.1,14.06,14658.45,0.12,0.86,13.718,13.785,14.358,29554.3,30401.08,39610.44,0.26
2018-02-14,13.86,14.23,13.98,13.86,11737.01,0.13,0.94,13.622,13.758,14.413,30187.75,35952.28,41203.46,0.21
2018-02-13,13.67,14.13,13.85,13.67,26491.32,0.17,1.24,13.538,13.82,14.489,34106.08,38295.78,42221.05,0.47
2018-02-12,13.0,13.82,13.68,13.0,44590.61,0.7,5.39,13.508,13.938,14.57,35415.3,39787.98,43528.39,0.79
2018-02-09,13.5,13.5,12.98,12.98,50294.13,-0.64,-4.7,13.626,14.044,14.661,34300.54,39869.21,44728.75,0.89
2018-02-08,13.57,13.95,13.62,13.57,17825.68,0.06,0.44,13.852,14.251,14.827,31247.85,39112.02,44503.03,0.32
2018-02-07,13.72,14.18,13.56,13.38,31328.66,-0.14,-1.02,13.894,14.41,14.977,41716.81,39404.09,46121.28,0.56
2018-02-06,14.05,14.08,13.7,13.53,33037.44,-0.57,-3.99,14.102,14.578,15.157,42485.48,40562.59,46671.26,0.59
2018-02-05,14.11,14.36,14.27,13.73,39016.77,0.16,1.13,14.368,14.728,15.319,44160.65,42741.07,47031.52,0.69
2018-02-02,13.5,14.37,14.11,13.5,35030.71,0.28,2.02,14.462,14.883,15.464,45437.89,46809.3,47679.16,0.62
2018-02-01,14.6,14.78,13.83,13.17,70170.48,-0.77,-5.27,14.65,14.931,15.634,46976.18,48819.8,48358.97,1.24
2018-01-31,14.97,15.0,14.6,14.5,35172.01,-0.43,-2.86,14.926,15.067,15.815,37091.37,46454.65,47051.02,0.62
2018-01-30,14.74,15.47,15.03,14.74,41413.28,0.29,1.97,15.054,15.157,15.96,38639.71,46146.32,49000.87,0.73
2018-01-29,14.9,15.05,14.74,14.55,45402.97,-0.31,-2.06,15.088,15.202,16.108,41321.49,47268.79,49955.02,0.8
2018-01-26,15.25,15.25,15.05,14.84,42722.15,-0.16,-1.05,15.304,15.277,16.264,48180.71,49588.28,51332.56,0.76
2018-01-25,15.24,15.31,15.21,15.14,20746.43,-0.03,-0.2,15.212,15.402,16.346,50663.41,49894.04,50909.21,0.37
2018-01-24,15.51,15.8,15.24,15.08,42913.7,0.04,0.26,15.208,15.544,16.44,55817.93,52838.47,51806.94,0.76
2018-01-23,15.68,16.22,15.2,15.15,54822.19,-0.62,-3.92,15.26,15.735,16.543,53652.94,52779.93,51747.41,0.97
2018-01-22,14.44,15.94,15.82,14.44,79699.07,1.23,8.43,15.316,15.909,16.64,53216.1,51321.98,50696.22,1.41
2018-01-19,15.19,15.3,14.59,14.4,55135.68,-0.6,-3.95,15.25,16.045,16.697,50995.86,48549.01,49328.01,0.98
2018-01-18,15.5,15.65,15.19,15.01,46519.0,-0.31,-2.0,15.592,16.336,16.795,49124.66,47898.15,48524.28,0.82
2018-01-17,15.43,15.63,15.5,15.08,32088.75,0.02,0.13,15.88,16.563,16.851,49859.02,47647.39,48551.74,0.57
2018-01-16,15.4,15.63,15.48,15.02,52638.0,-0.01,-0.07,16.21,16.763,16.906,51906.91,51855.42,48890.37,0.93
2018-01-15,16.3,16.3,15.49,15.22,68597.87,-0.81,-4.97,16.502,17.014,16.944,49427.86,52641.24,48342.38,1.22
2018-01-12,16.5,16.68,16.3,16.21,45779.7,-0.33,-1.98,16.84,17.25,16.987,46102.16,53076.83,46809.98,0.81
2018-01-11,17.15,17.15,16.63,16.32,50190.76,-0.52,-3.03,17.08,17.29,16.97,46671.64,51924.39,45468.08,0.89
2018-01-10,17.09,17.42,17.15,16.95,42328.23,0.21,1.24,17.246,17.335,16.943,45435.77,50775.41,44003.25,0.75
2018-01-09,17.33,17.6,16.94,16.84,40242.73,-0.24,-1.4,17.316,17.35,16.886,51803.94,50714.89,44084.4,0.71
2018-01-08,17.5,17.56,17.18,16.88,51969.4,-0.32,-1.83,17.526,17.371,16.859,55854.63,50070.46,45026.32,0.92
2018-01-05,17.46,17.98,17.5,17.25,48627.1,0.04,0.23,17.66,17.349,16.816,60051.5,50107.01,46655.73,0.86
2018-01-04,17.37,17.7,17.46,17.23,44011.4,-0.04,-0.23,17.5,17.254,16.709,57177.13,49150.4,46022.34,0.78
2018-01-03,17.59,17.97,17.5,17.19,74169.05,-0.49,-2.72,17.424,17.138,16.601,56115.05,49456.08,46405.26,1.31
2018-01-02,18.01,18.1,17.99,17.5,60496.2,0.14,0.78,17.384,17.049,16.509,49625.84,45925.31,44452.43,1.07
2017-12-29,16.77,18.37,17.85,16.75,72953.75,1.15,6.89,17.216,16.873,16.399,44286.29,44043.53,43541.8,1.29
2017-12-28,17.01,17.4,16.7,16.7,34255.24,-0.38,-2.23,17.038,16.724,16.296,40162.52,40543.12,42016.34,0.61
2017-12-27,17.3,17.47,17.08,17.01,38701.0,-0.22,-1.27,17.008,16.649,16.243,41123.67,39011.77,45068.78,0.69
2017-12-26,17.18,17.37,17.3,16.8,41723.03,0.15,0.88,16.852,16.551,16.212,42797.12,37231.1,47024.94,0.74
2017-12-25,16.97,17.15,17.15,16.72,33798.42,0.19,1.12,16.714,16.422,16.151,42224.78,37453.92,49541.99,0.6
2017-12-22,16.55,17.05,16.96,16.46,52334.9,0.41,2.48,16.53,16.346,16.126,43800.76,39982.18,52804.41,0.93
2017-12-21,16.3,16.63,16.55,16.13,39060.98,0.25,1.53,16.41,16.282,16.035,40923.72,43204.45,54461.3,0.69
2017-12-20,16.69,16.85,16.3,16.15,47068.26,-0.31,-1.87,16.29,16.163,16.016,36899.87,42894.29,54917.05,0.83
2017-12-19,16.5,16.79,16.61,16.23,38861.36,0.38,2.34,16.25,16.063,16.032,31665.07,43354.43,55302.8,0.69
2017-12-18,16.49,16.89,16.23,16.17,41678.31,-0.13,-0.8,16.13,15.969,16.046,32683.05,42979.54,58736.16,0.74
2017-12-15,16.1,16.48,16.36,15.98,37949.68,0.41,2.57,16.162,15.924,16.084,36163.59,43040.08,61150.09,0.67
2017-12-14,16.0,16.22,15.95,15.85,18941.73,-0.15,-0.93,16.154,15.867,16.16,45485.19,43489.57,61222.01,0.34
2017-12-13,16.02,16.25,16.1,15.83,20894.29,0.09,0.56,16.036,15.836,16.286,48888.71,51125.78,63604.52,0.37
2017-12-12,16.34,16.5,16.01,15.99,43951.26,-0.38,-2.32,15.876,15.873,16.397,55043.79,56818.79,65721.69,0.78
2017-12-11,16.1,16.47,16.39,15.7,59081.0,0.07,0.43,15.808,15.879,16.536,53276.02,61630.07,66853.06,1.05
2017-12-08,15.1,16.64,16.32,15.1,84557.65,0.96,6.25,15.686,15.905,16.673,49916.57,65626.63,68045.37,2.56
2017-12-07,15.29,15.89,15.36,15.29,35959.36,0.06,0.39,15.58,15.787,16.811,41493.96,65718.15,66591.38,1.09
2017-12-06,15.65,15.65,15.3,15.0,51669.66,-0.37,-2.36,15.636,15.869,16.972,53362.86,66939.81,67021.79,1.56
2017-12-05,15.77,15.91,15.67,15.61,35112.42,-0.11,-0.7,15.87,16.0,17.133,58593.78,67251.16,68199.9,1.06
2017-12-04,15.5,16.19,15.78,15.5,42283.76,-0.01,-0.06,15.95,16.122,17.252,69984.12,74492.78,70185.81,1.28
2017-12-01,15.69,15.95,15.79,15.2,42444.58,0.15,0.96,16.124,16.244,17.334,81336.7,79260.1,71942.98,1.28
2017-11-30,16.46,16.46,15.64,15.36,95303.86,-0.83,-5.04,15.994,16.453,17.394,89942.34,78954.45,72265.8,2.88
2017-11-29,16.13,16.88,16.47,16.13,77824.3,0.4,2.49,16.102,16.736,17.455,80516.77,76083.26,72787.77,2.35
2017-11-28,16.87,16.98,16.07,15.5,92064.11,-0.58,-3.48,16.13,16.92,17.442,75908.54,74624.59,73350.56,2.78
2017-11-27,15.26,16.65,16.65,15.26,99046.65,1.51,9.97,16.294,17.193,17.442,79001.44,72076.06,73075.97,3.0
2017-11-24,16.17,16.49,15.14,15.1,85472.76,-1.04,-6.43,16.364,17.441,17.441,77183.51,70464.11,70684.49,2.59
2017-11-23,16.45,16.84,16.18,16.11,48176.03,-0.43,-2.59,16.912,17.834,17.513,67966.56,67464.62,69476.92,1.46
2017-11-22,17.19,17.19,16.61,16.4,54783.17,-0.28,-1.66,17.37,18.074,17.556,71649.75,67103.77,69494.61,1.66
2017-11-21,17.05,18.45,16.89,16.35,107528.6,-0.11,-0.65,17.71,18.265,17.584,73340.63,69148.64,70273.11,3.25
2017-11-20,18.08,18.23,17.0,16.09,89956.98,-0.88,-4.92,18.092,18.381,17.601,65150.67,65878.84,68754.21,2.72
2017-11-17,18.4,18.59,17.88,17.88,39388.0,-0.59,-3.19,18.518,18.424,17.565,63744.7,64625.86,65980.62,1.19
2017-11-16,18.48,18.98,18.47,18.1,66592.0,0.16,0.87,18.756,18.335,17.485,66962.68,65577.16,65808.92,2.01
2017-11-15,18.7,19.4,18.31,18.29,63237.59,-0.49,-2.61,18.778,18.174,17.374,62557.79,69492.28,65870.2,1.91
2017-11-14,19.1,19.16,18.8,18.48,66578.8,-0.33,-1.73,18.82,17.964,17.242,64956.65,72076.53,65236.81,2.01
2017-11-13,19.15,19.5,19.13,17.86,82927.13,0.06,0.32,18.67,17.691,17.072,66607.0,74075.88,65292.46,2.51
2017-11-10,18.57,19.15,19.07,18.52,55477.86,0.49,2.64,18.33,17.441,16.898,65507.02,70904.88,65075.54,1.68
2017-11-09,18.25,18.68,18.58,18.25,44567.56,0.06,0.32,17.914,17.191,16.696,64191.64,71489.23,64851.75,1.35
2017-11-08,18.16,18.58,18.52,18.16,75231.88,0.47,2.6,17.57,17.038,16.505,76426.78,71885.44,65308.77,2.28
2017-11-07,17.45,18.05,18.05,17.26,74830.55,0.62,3.56,17.108,16.902,16.335,79196.41,71397.59,65043.06,2.26
2017-11-06,17.19,17.98,17.43,16.99,77427.23,0.44,2.59,16.712,16.82,16.181,81544.77,71629.58,66914.26,2.34
2017-11-03,16.84,17.05,16.99,16.58,48900.98,0.13,0.77,16.552,16.706,16.049,76302.74,67335.38,68526.05,1.48
2017-11-02,16.13,17.08,16.86,16.13,105743.25,0.65,4.01,16.468,16.635,15.897,78786.82,66040.69,69986.61,3.2
2017-11-01,16.1,16.48,16.21,15.86,89080.03,0.14,0.87,16.506,16.574,15.767,67344.11,62248.11,69345.32,2.69
2017-10-31,16.5,16.69,16.07,15.96,86572.37,-0.56,-3.37,16.696,16.519,15.629,63598.77,58397.09,69428.8,2.62
2017-10-30,16.57,16.81,16.63,16.36,51217.08,0.06,0.36,16.928,16.452,15.505,61714.39,56509.04,66959.2,1.55
2017-10-27,17.05,17.15,16.57,16.36,61321.35,-0.48,-2.81,16.86,16.355,15.359,58368.02,59246.21,66942.95,1.85
2017-10-26,17.16,17.39,17.05,16.78,48529.71,-0.11,-0.64,16.802,16.201,15.238,53294.56,58214.27,68702.68,1.47
2017-10-25,17.02,17.33,17.16,16.7,70353.33,-0.07,-0.41,16.642,15.971,15.088,57152.11,58732.1,70164.12,2.13
2017-10-24,16.18,17.25,17.23,16.18,77150.46,0.94,5.77,16.342,15.767,14.95,53195.41,58688.53,74630.01,2.33
2017-10-23,16.24,16.48,16.29,16.03,34485.26,0.01,0.06,15.976,15.541,14.79,51303.68,62198.95,78462.33,1.04
2017-10-20,16.2,16.41,16.28,16.01,35954.05,0.03,0.18,15.85,15.391,14.656,60124.39,69716.72,81701.38,1.09
2017-10-19,15.58,16.3,16.25,15.44,67817.46,0.59,3.77,15.6,15.159,14.501,63133.98,73932.52,84309.79,2.05
2017-10-18,15.77,16.09,15.66,15.44,50569.8,0.26,1.69,15.3,14.96,14.366,60312.09,76442.53,89027.05,1.53
2017-10-17,15.77,15.99,15.4,15.3,67691.85,-0.26,-1.66,15.192,14.739,14.243,64181.64,80460.51,91896.46,2.05
2017-10-16,14.92,15.66,15.66,14.92,78588.78,0.63,4.19,15.106,14.557,14.115,73094.21,77409.36,94059.87,2.38
2017-10-13,14.8,15.49,15.03,14.79,51002.0,0.28,1.9,14.932,14.363,13.957,79309.04,74639.69,91580.23,1.54
2017-10-12,15.0,15.13,14.75,14.6,53708.0,-0.37,-2.45,14.718,14.275,13.826,84731.06,79191.08,90647.65,1.62
2017-10-11,14.9,15.28,15.12,14.72,69917.59,0.15,1.0,14.62,14.205,13.703,92572.98,81596.14,89887.85,2.11
2017-10-10,14.75,15.43,14.97,14.44,112254.7,0.18,1.22,14.286,14.132,13.572,96739.39,90571.49,88403.37,3.4
2017-10-09,13.99,14.8,14.79,13.99,109662.92,0.83,5.95,14.008,14.039,13.455,81724.52,94725.72,85541.75,3.32
2017-09-29,14.28,14.28,13.96,13.7,78112.11,-0.3,-2.1,13.794,13.921,13.338,69970.33,93686.05,84488.46,2.36
2017-09-28,13.48,14.51,14.26,13.4,92917.58,0.81,6.02,13.832,13.842,13.25,73651.1,94687.06,85529.24,2.81
2017-09-27,13.48,13.6,13.45,13.21,90749.62,-0.13,-0.96,13.79,13.771,13.145,70619.29,101611.57,84754.87,2.74
2017-09-26,13.6,13.85,13.58,13.52,37180.35,-0.14,-1.02,13.978,13.746,13.09,84403.6,103332.4,87325.2,1.12
2017-09-25,14.18,14.24,13.72,13.63,50892.0,-0.43,-3.04,14.07,13.673,13.035,107726.92,110710.37,91020.68,1.54
2017-09-22,14.17,14.4,14.15,13.78,96515.94,0.1,0.71,14.048,13.55,12.988,117401.77,108520.78,92185.46,2.92
2017-09-21,14.34,14.67,14.05,14.05,77758.54,-0.34,-2.36,13.852,13.376,12.927,115723.02,102104.22,89329.76,2.35
2017-09-20,14.09,14.44,14.39,13.8,159671.17,0.35,2.49,13.752,13.2,12.865,132603.85,98179.56,88090.7,4.83
2017-09-19,13.67,14.28,14.04,13.59,153796.94,0.43,3.16,13.514,13.011,12.795,122261.21,86235.25,83413.08,4.65
2017-09-18,13.02,13.61,13.61,13.01,99266.27,0.44,3.34,13.276,12.871,12.764,113693.82,76357.78,82105.46,3.0
2017-09-15,13.56,13.58,13.17,12.91,88122.17,-0.38,-2.8,13.052,12.754,12.739,99639.79,75290.87,79562.63,2.67
2017-09-14,13.2,13.93,13.55,13.2,162162.69,0.35,2.65,12.9,12.658,12.723,88485.42,76371.42,78280.66,4.9
2017-09-13,12.82,13.5,13.2,12.82,107957.96,0.35,2.72,12.648,12.519,12.698,63755.28,67898.16,73396.48,3.27
2017-09-12,12.4,13.08,12.85,12.36,110959.99,0.36,2.88,12.508,12.433,12.697,50209.3,71317.99,71861.06,3.36
2017-09-11,12.42,12.54,12.49,12.31,28996.13,0.08,0.65,12.466,12.396,12.707,39021.74,71330.99,70193.43,0.88
2017-09-08,12.25,12.55,12.41,12.06,32350.32,0.12,0.98,12.456,12.426,12.752,50941.95,75850.14,74712.89,0.98
2017-09-07,12.57,12.62,12.29,12.25,38512.01,-0.21,-1.68,12.416,12.478,12.76,64257.43,76555.31,81730.27,1.16
2017-09-06,12.69,12.69,12.5,12.36,40228.04,-0.14,-1.11,12.39,12.529,12.815,72041.05,78001.84,87008.27,1.22
2017-09-05,12.46,12.68,12.64,12.31,55022.2,0.2,1.61,12.358,12.579,12.866,92426.68,80590.9,92749.88,1.66
2017-09-04,12.17,12.56,12.44,12.0,88597.19,0.23,1.88,12.326,12.657,12.884,103640.24,87853.14,94553.73,2.68
2017-09-01,12.2,12.25,12.21,11.96,98927.69,0.05,0.41,12.396,12.723,12.913,100758.34,83834.4,95005.06,2.99
2017-08-31,12.47,12.48,12.16,12.02,77430.11,-0.18,-1.46,12.54,12.787,12.943,88853.19,80189.9,98746.22,2.34
2017-08-30,12.45,12.47,12.34,11.9,142156.19,-0.14,-1.12,12.668,12.877,12.967,83962.64,78894.79,101797.69,4.3
2017-08-29,12.86,12.86,12.48,12.2,111090.02,-0.31,-2.42,12.8,12.961,12.98,68755.12,72404.13,102835.8,3.36
2017-08-28,12.75,12.92,12.79,12.69,74187.68,-0.14,-1.08,12.988,13.018,12.991,72066.05,69055.87,108495.26,2.24
2017-08-25,12.8,12.98,12.93,12.73,39401.96,0.13,1.02,13.05,13.077,12.992,66910.46,73575.63,124104.85,1.19
2017-08-24,13.03,13.09,12.8,12.78,52977.35,-0.2,-1.54,13.034,13.041,12.946,71526.62,86905.23,144523.35,1.6
2017-08-23,13.0,13.33,13.0,12.87,66118.6,-0.42,-3.13,13.086,13.101,12.874,73826.95,96014.71,148916.52,2.0
2017-08-22,13.09,13.88,13.42,13.07,127644.64,0.32,2.44,13.122,13.152,12.787,76053.14,104908.87,149076.45,3.86
2017-08-21,12.71,13.1,13.1,12.71,48409.74,0.25,1.95,13.048,13.111,12.676,66045.69,101254.32,148201.51,1.46
2017-08-18,13.04,13.08,12.85,12.67,62482.75,-0.21,-1.61,13.104,13.102,12.581,80240.8,106175.72,152118.6,2.08
2017-08-17,13.16,13.35,13.06,12.99,64479.0,-0.12,-0.91,13.048,13.099,12.501,102283.84,117302.53,158796.78,2.14
2017-08-16,13.3,13.4,13.18,12.96,77249.55,0.13,1.0,13.116,13.056,12.425,118202.47,124700.59,172666.11,2.57
2017-08-15,13.6,13.6,13.05,12.94,77607.43,-0.33,-2.47,13.182,12.998,12.332,133764.6,133267.47,179021.88,2.58
2017-08-14,12.34,13.47,13.38,12.34,119385.26,0.81,6.44,13.174,12.964,12.194,136462.94,147934.65,177688.4,3.97
2017-08-11,13.1,13.1,12.57,12.54,172697.95,-0.83,-6.19,13.1,12.906,12.035,132110.64,174634.07,179962.52,5.74
2017-08-10,13.43,13.8,13.4,13.17,144072.14,-0.11,-0.81,13.15,12.85,11.96,132321.22,202141.47,178213.47,4.79
2017-08-09,13.18,13.99,13.51,13.12,155060.23,0.5,3.84,12.996,12.647,11.863,131198.71,201818.33,184442.18,5.15
2017-08-08,13.0,13.19,13.01,12.83,91099.14,0.0,0.0,12.814,12.421,11.727,132770.35,193244.03,178697.97,3.03
2017-08-07,12.66,13.11,13.01,12.56,97623.73,0.19,1.48,12.754,12.24,11.624,159406.36,195148.71,177118.36,3.24
2017-08-04,12.57,13.2,12.82,12.45,173750.84,0.19,1.5,12.712,12.059,11.524,217157.51,198061.48,174805.35,5.77
2017-08-03,12.61,12.9,12.63,12.35,138459.62,0.03,0.24,12.55,11.902,11.441,271961.72,200291.03,168242.89,4.6
2017-08-02,12.7,13.15,12.6,12.47,162918.41,-0.11,-0.86,12.298,11.793,11.372,272437.95,220631.64,165362.41,5.41
2017-08-01,12.74,13.34,12.71,12.55,224279.2,-0.09,-0.7,12.028,11.665,11.289,253717.71,224776.29,158880.16,7.45
2017-07-31,12.05,13.19,12.8,12.05,386379.47,0.79,6.58,11.726,11.423,11.194,230891.06,207442.16,148763.88,12.84
2017-07-28,11.14,12.51,12.01,11.08,447771.88,0.64,5.63,11.406,11.163,11.106,178965.46,185290.96,131296.57,14.88
2017-07-27,11.21,11.55,11.37,11.15,140840.77,0.12,1.07,11.254,11.07,11.05,128620.34,154285.48,110613.31,4.68
2017-07-26,11.1,11.28,11.25,11.04,69317.24,0.05,0.45,11.288,11.078,11.032,168825.33,167066.04,104925.38,2.3
2017-07-25,11.18,11.4,11.2,11.02,110145.94,0.0,0.0,11.302,11.033,11.022,195834.86,164151.91,103771.11,3.66
2017-07-24,11.22,11.5,11.2,11.14,126751.46,-0.05,-0.44,11.12,11.008,11.017,183993.25,159088.02,102800.43,4.21
2017-07-21,11.56,11.57,11.25,11.1,196046.28,-0.29,-2.51,10.92,10.989,11.003,191616.46,151549.23,100005.67,6.51
2017-07-20,11.4,11.96,11.54,11.3,341865.75,0.22,1.94,10.886,10.979,10.98,179950.61,136194.76,93372.75,11.36
2017-07-19,10.28,11.32,11.32,10.27,204364.88,1.03,10.01,10.868,10.951,10.928,165306.74,110093.19,82272.52,6.79
2017-07-18,10.3,10.42,10.29,10.15,50937.9,0.09,0.88,10.764,10.913,10.876,132468.96,92984.04,74803.03,1.69
2017-07-17,10.99,10.99,10.2,9.97,164867.47,-0.88,-7.94,10.896,10.965,10.87,134182.78,90085.61,75139.08,5.48
2017-07-14,11.54,11.54,11.08,11.0,137717.06,-0.37,-3.23,11.058,11.048,10.868,111482.0,77302.19,68627.47,4.58
2017-07-13,10.82,11.88,11.45,10.82,268646.38,0.65,6.02,11.072,11.03,10.814,92438.9,66941.14,64400.22,8.93
2017-07-12,10.91,11.02,10.8,10.77,40176.01,-0.15,-1.37,11.034,10.985,10.751,54879.64,42784.72,52391.26,1.33
2017-07-11,11.0,11.27,10.95,10.91,59507.0,-0.06,-0.55,11.062,11.01,10.716,53499.11,43390.31,51353.87,1.98
2017-07-10,11.16,11.27,11.01,10.96,51363.53,-0.14,-1.26,11.034,11.025,10.672,45988.43,46512.85,49729.92,1.71
2017-07-07,11.34,11.34,11.15,11.1,42501.57,-0.11,-0.98,11.038,11.016,10.617,43122.38,48462.11,49970.21,1.41
2017-07-06,11.03,11.36,11.26,10.9,80850.07,0.32,2.92,10.988,10.981,10.577,41443.38,50550.75,49351.52,2.69
2017-07-05,10.86,11.09,10.94,10.74,33273.39,0.13,1.2,10.936,10.905,10.535,30689.8,54451.86,47557.27,1.11
2017-07-04,11.12,11.12,10.81,10.65,21953.58,-0.22,-2.0,10.958,10.839,10.512,33281.52,56622.01,49348.33,0.73
2017-07-03,10.91,11.09,11.03,10.86,37033.31,0.13,1.19,11.016,10.775,10.488,47037.27,60192.56,52959.75,1.23
2017-06-30,10.92,11.04,10.9,10.76,34106.57,-0.1,-0.91,10.994,10.687,10.501,53801.84,59952.75,53960.02,1.13
2017-06-29,11.05,11.13,11.0,10.97,27082.16,-0.05,-0.45,10.974,10.597,10.494,59658.12,61859.29,53970.99,0.82
2017-06-28,11.0,11.15,11.05,10.94,46231.96,-0.05,-0.45,10.874,10.516,10.467,78213.91,61997.8,53628.02,1.4
2017-06-27,10.83,11.23,11.1,10.81,90732.35,0.18,1.65,10.72,10.422,10.442,79962.51,59317.42,52820.77,2.74
2017-06-26,10.75,10.96,10.92,10.61,70856.16,0.12,1.11,10.534,10.319,10.418,73347.84,52946.99,49650.73,2.14
2017-06-23,10.5,10.8,10.8,10.38,63387.98,0.3,2.86,10.38,10.218,10.395,66103.65,51478.31,47676.52,1.92
2017-06-22,10.18,10.77,10.5,10.17,119861.09,0.22,2.14,10.22,10.173,10.365,64060.46,48152.28,45552.75,3.63
2017-06-21,10.12,10.28,10.28,10.09,54974.99,0.11,1.08,10.158,10.164,10.343,45781.68,40662.7,41567.91,1.66
2017-06-20,10.07,10.2,10.17,9.92,57659.0,0.02,0.2,10.124,10.185,10.352,38672.32,42074.64,40102.47,1.74
2017-06-19,10.0,10.18,10.15,9.97,34635.21,0.15,1.5,10.104,10.201,10.372,32546.14,45726.94,38387.3,1.05
2017-06-16,10.12,10.23,10.0,9.99,53172.0,-0.19,-1.86,10.056,10.314,10.388,36852.97,47967.29,37988.29,1.94
2017-06-15,10.12,10.3,10.19,10.11,28467.21,0.08,0.79,10.126,10.39,10.42,32244.1,46082.69,37336.03,1.04
2017-06-14,10.09,10.15,10.11,10.05,19428.18,0.04,0.4,10.17,10.417,10.437,35543.71,45258.25,38078.94,0.71
2017-06-13,9.91,10.14,10.07,9.91,27028.08,0.16,1.61,10.246,10.462,10.449,45476.96,46324.13,39558.95,0.98
2017-06-12,10.33,10.37,9.91,9.88,56169.39,-0.44,-4.25,10.298,10.517,10.453,58907.75,46354.47,41569.55,2.04
2017-06-09,10.43,10.44,10.35,10.32,30127.63,-0.06,-0.58,10.572,10.571,10.472,59081.61,43874.72,42315.74,1.1
2017-06-08,10.55,10.61,10.41,10.35,44965.26,-0.08,-0.76,10.654,10.556,10.482,59921.29,42953.23,43306.56,1.64
2017-06-07,10.22,10.54,10.49,10.22,69094.43,0.16,1.55,10.664,10.521,10.514,54972.78,42473.12,42799.56,2.52
2017-06-06,10.5,10.6,10.33,10.0,94182.05,-0.45,-4.17,10.678,10.518,10.535,47171.29,38130.3,41421.57,3.43
2017-06-05,10.76,11.28,11.28,10.76,57038.69,0.52,4.83,10.736,10.543,10.579,33801.19,31047.66,39425.93,2.08
2017-06-02,10.4,10.77,10.76,10.21,34326.01,0.3,2.87,10.57,10.461,10.599,28667.83,28009.29,39781.15,1.25
2017-06-01,10.56,10.64,10.46,10.46,20222.73,-0.1,-0.95,10.458,10.449,10.639,25985.16,28589.38,40755.42,0.74
2017-05-31,10.65,10.77,10.56,10.55,30086.99,-0.06,-0.56,10.378,10.456,10.688,29973.46,30899.64,41497.17,1.1
2017-05-26,10.49,10.71,10.62,10.49,27331.55,0.17,1.63,10.358,10.435,10.731,29089.31,32793.77,42057.21,0.99
2017-05-25,10.19,10.54,10.45,10.15,31371.87,0.25,2.45,10.35,10.388,10.772,28294.13,36784.62,45724.15,1.14
2017-05-24,10.03,10.24,10.2,9.9,20912.68,0.14,1.39,10.352,10.373,10.814,27350.75,40756.76,46920.58,0.76
2017-05-23,10.47,10.55,10.06,9.98,40164.21,-0.4,-3.82,10.44,10.408,10.863,31193.59,43659.89,49708.0,1.46
2017-05-22,10.58,10.66,10.46,10.43,25666.23,-0.12,-1.13,10.534,10.507,10.931,31825.82,43126.0,52489.15,0.93
2017-05-19,10.46,10.66,10.58,10.45,23355.64,0.12,1.15,10.512,10.551,11.007,36498.22,44712.84,55825.24,0.85
2017-05-18,10.45,10.71,10.46,10.45,26654.99,-0.18,-1.69,10.426,10.615,11.076,45275.12,47804.21,61967.96,0.97
2017-05-17,10.32,10.71,10.64,10.32,40126.87,0.11,1.04,10.394,10.737,11.173,54162.77,51553.02,65773.78,1.46
2017-05-16,10.34,10.55,10.53,10.13,43325.39,0.18,1.74,10.376,10.829,11.258,56126.2,52921.46,70314.08,1.58
2017-05-15,10.09,10.98,10.35,10.09,49028.22,0.2,1.97,10.48,10.92,11.353,54426.18,52094.7,76941.71,1.78
2017-05-12,10.3,10.3,10.15,9.9,67240.13,-0.15,-1.46,10.59,11.026,11.491,52927.45,51320.66,84332.21,2.45
2017-05-11,10.55,10.55,10.3,9.8,71093.25,-0.25,-2.37,10.804,11.156,11.662,50333.3,54663.68,92109.25,2.59
2017-05-10,11.09,11.13,10.55,10.55,49944.0,-0.5,-4.53,11.08,11.254,11.805,48943.26,53084.4,101430.0,1.82
2017-05-09,10.85,11.05,11.05,10.71,34825.31,0.15,1.38,11.282,11.318,11.957,49716.72,55756.11,117207.8,1.27
2017-05-08,11.21,11.27,10.9,10.9,41534.58,-0.32,-2.85,11.36,11.355,12.07,49763.21,61852.3,131334.28,1.51
2017-05-05,11.75,11.75,11.22,11.21,54269.35,-0.46,-3.94,11.462,11.463,12.16,49713.86,66937.64,137138.31,1.98
2017-05-04,11.5,11.88,11.68,11.46,64143.07,0.12,1.04,11.508,11.537,12.25,58994.06,76131.71,144256.29,2.33
2017-05-03,11.4,11.58,11.56,11.3,53811.27,0.12,1.05,11.428,11.608,12.305,57225.54,79994.54,147986.13,1.96
2017-05-02,11.42,11.54,11.44,11.33,35057.79,0.03,0.26,11.354,11.687,12.346,61795.51,87706.71,154049.95,1.28
2017-04-28,11.39,11.55,11.41,11.3,41287.83,-0.04,-0.35,11.35,11.786,12.395,73941.4,101788.73,164301.94,1.5
2017-04-27,11.28,11.51,11.45,10.8,100670.32,0.17,1.51,11.464,11.955,12.483,84161.42,117343.76,177597.67,3.68
2017-04-26,11.26,11.45,11.28,11.19,55300.51,0.09,0.8,11.566,12.167,12.574,93269.37,129554.82,183585.9,2.02
2017-04-25,11.31,11.59,11.19,11.1,76661.1,-0.23,-2.01,11.788,12.355,12.665,102763.54,149775.61,199995.12,2.8
2017-04-24,11.97,11.97,11.42,11.39,95787.22,-0.56,-4.67,12.02,12.596,12.764,113617.9,178659.49,220091.86,3.5
2017-04-21,11.88,12.08,11.98,11.72,92387.95,0.02,0.17,12.222,12.785,12.818,129636.06,200816.26,224676.75,3.38
2017-04-20,12.38,12.46,11.96,11.74,146210.06,-0.43,-3.47,12.446,12.856,12.828,150526.11,207338.97,226641.28,5.34
2017-04-19,12.22,12.39,12.39,12.16,102771.35,0.04,0.32,12.768,12.963,12.846,165840.27,212380.87,226809.62,3.76
2017-04-18,12.38,12.74,12.35,12.23,130932.94,-0.08,-0.64,12.922,13.002,12.854,196787.68,215977.72,229567.96,4.78
2017-04-17,12.9,12.9,12.43,12.34,175878.02,-0.67,-5.12,13.172,13.004,12.86,243701.07,220393.19,233814.78,6.43
2017-04-14,13.42,13.56,13.1,13.03,196838.16,-0.47,-3.46,13.348,13.004,12.865,271996.46,226815.15,234276.37,7.19
2017-04-13,13.13,13.7,13.57,13.05,222780.86,0.41,3.12,13.266,13.011,12.838,264151.84,237851.57,237100.15,8.14
2017-04-12,13.52,13.9,13.16,13.09,257508.41,-0.44,-3.23,13.158,12.981,12.778,258921.47,237616.98,232214.3,9.41
2017-04-11,13.19,13.65,13.6,13.06,365499.91,0.29,2.18,13.082,12.974,12.736,235167.77,250214.62,226699.75,13.36
2017-04-10,12.75,13.4,13.31,12.75,317354.97,0.62,4.89,12.836,12.931,12.68,197085.31,261524.22,215172.15,11.6
2017-04-07,13.0,13.14,12.69,12.65,157615.06,-0.34,-2.61,12.66,12.85,12.637,181633.84,248537.24,209059.69,5.76
2017-04-06,12.78,13.27,13.03,12.77,196629.0,0.25,1.96,12.756,12.799,12.637,211551.3,245943.58,213225.3,7.19
2017-04-05,12.8,13.05,12.78,12.55,138739.91,0.41,3.31,12.804,12.728,12.637,216312.48,241238.38,225130.09,5.07
2017-03-31,12.31,12.47,12.37,12.1,175087.59,-0.06,-0.48,12.866,12.706,12.63,265261.48,243158.21,227907.82,6.4
2017-03-30,12.9,13.16,12.43,12.43,240097.62,-0.74,-5.62,13.026,12.716,12.641,325963.14,247236.36,231737.46,8.77
2017-03-29,13.37,13.76,13.17,13.09,307202.38,-0.1,-0.75,13.04,12.725,12.654,315440.63,241737.6,241020.25,11.23
2017-03-28,13.05,13.29,13.27,12.76,220434.92,0.18,1.38,12.842,12.665,12.661,280335.86,236348.73,255291.23,8.06
2017-03-27,13.03,13.54,13.09,12.87,383484.88,-0.08,-0.61,12.652,12.574,12.657,266164.27,226811.63,276184.93,14.01
2017-03-24,12.42,13.35,13.17,12.41,478595.91,0.67,5.36,12.546,12.498,12.69,221054.93,203184.88,287436.59,17.49
2017-03-23,12.13,12.56,12.5,12.09,187485.08,0.32,2.63,12.406,12.428,12.743,168509.58,168820.07,309823.64,6.85
2017-03-22,12.26,12.44,12.18,12.11,131678.5,-0.14,-1.14,12.41,12.423,12.857,168034.56,169582.14,352675.34,4.81
2017-03-21,12.55,12.55,12.32,12.25,149576.97,-0.24,-1.91,12.488,12.475,12.92,192361.6,180507.01,354356.39,5.47
2017-03-20,12.37,12.58,12.56,12.25,157938.2,0.09,0.72,12.496,12.545,12.915,187459.0,209021.8,355804.45,5.77
2017-03-17,12.53,12.76,12.47,12.37,215869.16,-0.05,-0.4,12.45,12.553,12.894,185314.82,212657.44,358073.66,7.89
2017-03-16,12.51,12.61,12.52,12.39,185109.95,-0.05,-0.4,12.45,12.565,12.863,169130.57,216238.55,352031.52,6.76
2017-03-15,12.32,12.73,12.57,12.17,253313.72,0.21,1.7,12.436,12.583,12.824,171129.71,240302.9,345838.48,9.26
2017-03-14,12.3,12.55,12.36,12.27,125063.95,0.03,0.24,12.462,12.657,12.78,168652.43,274233.72,339100.38,4.57
2017-03-13,12.43,12.44,12.33,12.06,147217.33,-0.14,-1.12,12.594,12.739,12.768,230584.6,325558.22,340393.58,5.38
2017-03-10,12.43,12.59,12.47,12.37,134947.88,0.02,0.16,12.656,12.882,12.759,240000.05,371688.3,341216.43,4.93
2017-03-09,12.62,12.72,12.45,12.32,195105.69,-0.25,-1.97,12.68,13.057,12.765,263346.53,450827.2,349474.78,7.13
2017-03-08,12.88,13.06,12.7,12.64,240927.28,-0.32,-2.46,12.73,13.29,12.745,309476.09,535768.54,345554.04,8.8
2017-03-07,12.63,13.13,13.02,12.44,434724.81,0.38,3.01,12.852,13.364,12.719,379815.02,528205.76,338742.96,15.89
2017-03-06,12.63,12.67,12.64,12.35,194294.59,0.05,0.4,12.884,13.284,12.66,420531.84,502587.1,321021.47,7.1
2017-03-03,12.7,12.9,12.59,12.54,251680.28,-0.11,-0.87,13.108,13.234,12.603,503376.55,503489.88,312983.92,9.2
2017-03-02,13.12,13.16,12.7,12.65,425753.47,-0.61,-4.58,13.434,13.16,12.558,638307.87,487824.49,301735.11,15.56
2017-03-01,13.16,13.64,13.31,13.07,592621.94,0.13,0.99,13.85,13.065,12.509,762060.99,451374.06,280447.54,21.66
2017-02-28,13.2,13.37,13.18,12.91,638308.94,-0.58,-4.21,13.876,12.902,12.43,676596.51,403967.04,252251.3,23.33
2017-02-27,14.19,14.7,13.76,13.73,608518.12,-0.46,-3.23,13.684,12.797,12.349,584642.36,355228.94,221632.0,22.24
2017-02-24,14.68,15.98,14.22,14.06,926336.88,-0.56,-3.79,13.36,12.636,12.25,503603.2,310744.57,193952.03,33.85
2017-02-23,14.39,14.78,14.78,13.71,1044519.06,1.34,9.97,12.886,12.473,12.106,337341.1,248122.35,149341.82,38.17
2017-02-22,12.18,13.44,13.44,12.17,165299.56,1.22,9.98,12.28,12.2,11.917,140687.13,155339.54,97740.28,6.04
2017-02-21,12.14,12.49,12.22,12.1,178538.16,0.08,0.66,11.928,12.074,11.786,131337.56,149280.15,90640.76,6.52
2017-02-20,11.83,12.36,12.14,11.75,203322.36,0.29,2.45,11.91,12.035,11.728,125815.53,139455.83,82557.98,7.43
2017-02-17,11.7,12.04,11.85,11.68,95026.36,0.1,0.85,11.912,11.972,11.67,117885.93,122477.96,73977.73,3.47
2017-02-16,11.68,11.84,11.75,11.67,61249.22,0.07,0.6,12.06,11.956,11.635,158903.6,115645.74,71661.26,2.24
2017-02-15,11.99,11.99,11.68,11.65,118551.71,-0.45,-3.71,12.12,11.953,11.623,169991.94,109521.01,69475.52,4.33
2017-02-14,12.04,12.28,12.13,11.85,150928.0,-0.02,-0.17,12.22,11.957,11.617,167222.74,100535.56,64119.6,5.52
2017-02-13,12.5,12.5,12.15,11.96,163674.38,-0.44,-3.5,12.16,11.9,11.591,153096.13,88035.06,57200.57,5.98
2017-02-10,11.96,12.86,12.59,11.96,300114.69,0.54,4.48,12.032,11.864,11.566,127069.98,77159.48,50034.82,10.97
2017-02-09,12.15,12.54,12.05,12.0,116690.94,-0.13,-1.07,11.852,11.739,11.526,72387.87,50561.29,35918.94,4.26
2017-02-08,11.75,12.25,12.18,11.62,104705.7,0.35,2.96,11.786,11.633,11.508,49050.08,40141.02,31295.85,3.83
2017-02-07,11.51,12.09,11.83,11.51,80294.94,0.32,2.78,11.694,11.497,11.493,33848.39,32001.38,28359.79,2.93
2017-02-06,11.68,11.76,11.51,11.43,33543.64,-0.18,-1.54,11.64,11.42,11.479,22974.0,25660.13,26096.47,1.23
2017-02-03,11.73,11.8,11.69,11.44,26704.14,-0.03,-0.26,11.696,11.367,11.478,27248.98,25477.5,26145.62,0.98
2017-02-02,11.72,11.72,11.72,11.72,2.0,0.0,0.0,11.626,11.314,11.46,28734.71,27676.78,25874.12,0.0
2017-01-26,11.52,11.88,11.72,11.52,28697.22,0.16,1.38,11.48,11.293,11.438,31231.95,29430.03,26915.12,1.05
2017-01-25,11.62,11.8,11.56,11.52,25923.0,-0.23,-1.95,11.3,11.276,11.413,30154.37,27703.64,26533.18,0.95
2017-01-24,11.33,11.9,11.79,11.2,54918.56,0.45,3.97,11.2,11.281,11.408,28346.26,26366.08,25763.93,2.01
2017-01-23,10.99,11.95,11.34,10.95,34132.77,0.35,3.19,11.038,11.267,11.388,23706.01,22910.15,23558.89,1.25
2017-01-20,10.8,11.04,10.99,10.73,12488.18,0.17,1.57,11.002,11.313,11.387,26618.86,21276.59,22860.0,0.46
2017-01-19,10.96,11.05,10.82,10.79,23309.32,-0.24,-2.17,11.106,11.383,11.413,27628.12,22450.69,23362.99,0.85
2017-01-18,11.0,11.15,11.06,10.87,16882.45,0.08,0.73,11.252,11.488,11.441,25252.92,24718.2,23282.14,0.62
2017-01-17,10.81,11.15,10.98,10.6,31717.32,-0.18,-1.61,11.362,11.538,11.45,24385.91,26532.82,23256.5,1.16
2017-01-16,11.48,11.77,11.16,10.58,48697.01,-0.35,-3.04,11.496,11.589,11.458,22114.29,26813.74,22695.7,1.78
2017-01-13,11.55,11.61,11.51,11.46,17534.51,-0.04,-0.35,11.624,11.605,11.464,15934.32,24071.45,21143.72,0.64
2017-01-12,11.61,11.69,11.55,11.52,11433.31,-0.06,-0.52,11.66,11.583,11.449,17273.26,24400.2,21617.08,0.42
2017-01-11,11.7,11.78,11.61,11.53,12547.4,-0.04,-0.34,11.724,11.55,11.43,24183.48,25362.73,21827.57,0.46
2017-01-10,11.81,11.87,11.65,11.63,20359.2,-0.15,-1.27,11.714,11.534,11.411,28679.73,25161.78,22299.28,0.74
2017-01-09,11.66,11.84,11.8,11.52,17797.17,0.11,0.94,11.682,11.508,11.398,31513.19,24207.63,22928.56,0.65
2017-01-06,11.84,11.95,11.69,11.68,24229.2,-0.18,-1.52,11.586,11.46,11.386,32208.59,24443.41,23242.96,0.89
2017-01-05,11.55,12.02,11.87,11.51,45984.41,0.31,2.68,11.506,11.443,11.386,31527.15,24275.29,23409.71,1.68
2017-01-04,11.49,11.72,11.56,11.48,35028.67,0.07,0.61,11.376,11.394,11.388,26541.98,21846.08,22297.63,1.28
2017-01-03,11.32,11.54,11.49,11.29,34526.52,0.17,1.5,11.354,11.361,11.392,21643.84,19980.18,21406.88,1.26
2016-12-30,11.22,11.4,11.32,11.19,21274.14,0.03,0.27,11.334,11.326,11.394,16902.07,18577.66,21023.61,0.78
2016-12-29,11.34,11.45,11.29,11.22,20822.02,0.07,0.62,11.334,11.322,11.421,16678.23,18215.99,21069.52,0.76
2016-12-28,11.45,11.57,11.22,11.13,21058.53,-0.23,-2.01,11.38,11.314,11.458,17023.42,18833.95,23458.49,0.77
2016-12-27,11.46,11.46,11.45,11.31,10537.99,0.06,0.53,11.412,11.31,11.471,17150.19,18292.41,24895.75,0.39
2016-12-26,11.32,11.42,11.39,11.21,10817.67,0.07,0.62,11.368,11.288,11.494,18316.52,19436.78,25833.05,0.4
2016-12-23,11.58,11.59,11.32,11.3,20154.93,-0.2,-1.74,11.318,11.287,11.527,20253.25,21649.48,26490.71,0.74
2016-12-22,11.33,11.53,11.52,11.31,22547.98,0.14,1.23,11.31,11.311,11.561,19753.74,22042.52,27240.71,0.82
2016-12-21,11.28,11.52,11.38,11.2,21692.38,0.15,1.34,11.248,11.329,11.587,20644.48,22544.13,27603.8,0.79
2016-12-20,11.14,11.29,11.23,11.01,16369.64,0.09,0.81,11.208,11.382,11.625,19434.64,22749.17,28331.43,0.6
2016-12-19,11.38,11.41,11.14,11.1,20501.34,-0.14,-1.24,11.208,11.423,11.676,20557.03,22833.58,28543.28,0.75
2016-12-16,11.19,11.34,11.28,11.15,17657.37,0.07,0.62,11.256,11.462,11.726,23045.71,23469.56,29916.43,0.65
2016-12-15,11.11,11.31,11.21,11.0,27001.67,0.03,0.27,11.312,11.52,11.781,24331.29,23923.06,31192.68,0.99
2016-12-14,11.21,11.34,11.18,11.11,15643.16,-0.05,-0.45,11.41,11.601,11.848,24443.79,28083.03,35099.42,0.57
2016-12-13,11.31,11.38,11.23,11.06,21981.61,-0.15,-1.32,11.556,11.631,11.893,26063.71,31499.09,36213.32,0.8
2016-12-12,11.68,11.69,11.38,11.34,32944.73,-0.18,-1.56,11.638,11.7,11.93,25110.12,32229.32,37107.13,1.2
2016-12-09,11.75,11.77,11.56,11.48,24085.3,-0.14,-1.2,11.668,11.766,11.96,23893.41,31331.95,37151.32,0.88
2016-12-08,11.96,12.02,11.7,11.69,27564.14,-0.21,-1.76,11.728,11.81,11.984,23514.82,32438.9,38851.77,1.01
2016-12-07,11.68,11.94,11.91,11.59,23742.77,0.27,2.32,11.792,11.845,12.011,31722.28,32663.46,39171.6,0.87
2016-12-06,11.53,11.78,11.64,11.53,17213.67,0.11,0.95,11.706,11.868,12.019,36934.46,33913.69,40861.32,0.63
2016-12-05,11.61,11.84,11.53,11.48,26861.15,-0.33,-2.78,11.762,11.929,12.055,39348.52,34252.99,41911.34,0.98
2016-12-02,12.07,12.07,11.86,11.71,22192.35,-0.16,-1.33,11.864,11.99,12.098,38770.48,36363.31,42940.02,0.81
2016-12-01,11.51,12.04,12.02,11.51,68601.45,0.54,4.7,11.892,12.041,12.111,41362.99,38462.31,43656.32,2.51
2016-11-30,11.9,11.96,11.48,11.48,49803.68,-0.44,-3.69,11.898,12.095,12.121,33604.64,42115.8,43090.88,1.82
2016-11-29,12.04,12.07,11.92,11.91,29283.99,-0.12,-1.0,12.03,12.155,12.163,30892.92,40927.56,43364.96,1.07
2016-11-28,12.03,12.09,12.04,11.9,23970.95,0.04,0.33,12.096,12.16,12.176,29157.45,41984.94,43668.39,0.88
2016-11-25,12.03,12.11,12.0,11.86,35154.86,-0.05,-0.41,12.116,12.154,12.194,33956.13,42970.69,46612.15,1.28
2016-11-24,12.11,12.22,12.05,12.02,29809.73,-0.09,-0.74,12.19,12.157,12.215,35561.63,45264.65,50443.2,1.09
2016-11-23,12.29,12.43,12.14,12.14,36245.05,-0.11,-0.9,12.292,12.176,12.247,50626.97,45679.75,55240.04,1.32
2016-11-22,12.15,12.25,12.25,12.14,20606.66,0.11,0.91,12.28,12.17,12.254,50962.21,47808.96,58771.89,0.75
2016-11-21,12.35,12.46,12.14,12.12,47964.35,-0.23,-1.86,12.224,12.181,12.253,54812.43,49569.69,62497.65,1.75
2016-11-18,12.5,12.61,12.37,12.33,43182.35,-0.19,-1.51,12.192,12.205,12.24,51985.24,49516.73,62765.92,1.58
2016-11-17,12.08,12.65,12.56,11.96,105136.42,0.48,3.97,12.124,12.181,12.223,54967.66,48850.34,65689.95,3.84
2016-11-16,11.96,12.13,12.08,11.91,37921.26,0.11,0.92,12.06,12.146,12.188,40732.52,44065.96,63415.49,1.39
2016-11-15,12.01,12.01,11.97,11.81,39857.77,-0.01,-0.08,12.06,12.171,12.171,44655.71,45802.36,64220.98,1.46
2016-11-14,12.03,12.11,11.98,11.91,33828.4,-0.05,-0.42,12.138,12.192,12.164,44326.94,45351.83,65004.19,1.24
2016-11-11,12.22,12.23,12.03,11.91,58094.47,-0.21,-1.72,12.218,12.233,12.158,47048.22,50253.61,67783.46,2.12
2016-11-10,12.09,12.29,12.24,12.09,33960.72,0.16,1.32,12.238,12.273,12.134,42733.01,55621.75,67437.54,1.24
2016-11-09,12.33,12.44,12.08,11.94,57537.21,-0.28,-2.27,12.232,12.318,12.093,47399.4,64800.33,68273.28,2.1
2016-11-08,12.36,12.5,12.36,12.27,38213.92,-0.02,-0.16,12.282,12.338,12.067,46949.01,69734.81,68298.47,1.4
2016-11-07,12.14,12.38,12.38,12.13,47434.8,0.25,2.06,12.246,12.325,12.018,46376.72,75425.62,70085.82,1.73
2016-11-04,12.21,12.34,12.13,12.07,36518.41,-0.08,-0.66,12.248,12.275,11.979,53459.0,76015.12,69164.06,1.33
2016-11-03,12.26,12.55,12.21,12.13,57292.68,-0.12,-0.97,12.308,12.265,11.955,68510.48,82529.56,68464.87,2.09
2016-11-02,12.51,12.52,12.33,12.18,55285.23,-0.19,-1.52,12.404,12.229,11.926,82201.25,82765.02,67524.45,2.02
2016-10-28,12.38,12.47,12.18,12.16,35352.47,-0.21,-1.7,12.394,12.171,11.879,92520.62,82639.59,67989.72,1.29
2016-10-27,12.4,12.71,12.39,12.21,82846.23,-0.04,-0.32,12.404,12.135,11.854,104474.52,84656.56,68586.24,3.03
2016-10-26,12.54,12.65,12.43,12.16,111775.79,-0.26,-2.05,12.302,12.083,11.83,98571.23,85313.31,68749.58,4.08
2016-10-25,12.2,12.9,12.69,12.2,125746.53,0.41,3.34,12.222,11.994,11.803,96548.63,79253.33,66047.94,4.6
2016-10-24,12.22,12.45,12.28,12.11,106882.08,0.05,0.41,12.054,11.868,11.773,83328.79,71746.24,63165.74,3.91
2016-10-21,11.89,12.24,12.23,11.68,95121.97,0.35,2.95,11.948,11.795,11.76,72758.56,66862.12,63163.43,3.48
2016-10-20,12.07,12.16,11.88,11.83,53329.78,-0.15,-1.25,11.866,11.711,11.732,64838.59,64746.02,64455.33,1.95
2016-10-19,11.95,12.24,12.03,11.78,101662.81,0.18,1.52,11.864,11.682,11.737,72055.39,62313.0,68898.96,3.72
2016-10-18,11.75,11.9,11.85,11.4,59647.33,0.1,0.85,11.766,11.645,11.711,61958.02,54400.19,69481.87,2.18
2016-10-17,11.72,11.98,11.75,11.72,54030.9,-0.07,-0.59,11.682,11.622,11.709,60163.69,52283.87,72333.0,1.97
2016-10-14,11.75,11.94,11.82,11.61,55522.15,-0.05,-0.42,11.642,11.587,11.726,60965.68,53339.85,79130.8,2.03
2016-10-13,11.51,11.99,11.87,11.41,89413.77,0.33,2.86,11.556,11.572,11.698,64653.45,52515.92,81635.2,3.27
2016-10-12,11.43,11.57,11.54,11.3,51175.94,0.11,0.96,11.5,11.576,11.656,52570.6,52185.84,80377.98,1.87
2016-10-11,11.68,11.68,11.43,11.3,50675.69,-0.12,-1.04,11.524,11.612,11.627,46842.36,52842.56,79457.59,1.85
2016-10-10,11.4,11.57,11.55,11.12,58040.85,0.16,1.41,11.562,11.677,11.596,44404.05,54585.24,78801.53,2.12
2016-09-30,11.54,11.65,11.39,11.3,73961.0,-0.2,-1.73,11.532,11.724,11.569,45714.02,59464.73,78222.62,2.7
2016-09-29,11.73,11.75,11.59,11.58,28999.51,-0.07,-0.6,11.588,11.752,11.55,40378.39,64164.63,76666.52,1.06
2016-09-28,11.61,11.73,11.66,11.51,22534.74,0.04,0.34,11.652,11.792,11.535,51801.09,75484.93,78182.07,0.82
2016-09-27,11.37,11.64,11.62,11.37,38484.17,0.22,1.93,11.7,11.777,11.515,58842.77,84563.55,82108.04,1.41
2016-09-26,11.61,11.79,11.4,11.33,64590.66,-0.27,-2.31,11.792,11.795,11.483,64766.43,92382.13,82465.72,2.36
2016-09-23,11.88,12.12,11.67,11.65,47282.86,-0.24,-2.02,11.916,11.864,11.463,73215.45,104921.75,82125.03,1.73
2016-09-22,11.98,12.17,11.91,11.83,86113.01,0.01,0.08,11.916,11.824,11.422,87950.88,110754.49,83031.78,3.15
2016-09-21,12.17,12.19,11.9,11.82,57743.14,-0.18,-1.49,11.932,11.735,11.376,99168.78,108570.11,82325.16,2.11
2016-09-20,12.04,12.14,12.08,11.9,68102.48,0.06,0.5,11.854,11.641,11.33,110284.34,106072.62,86758.29,2.49
2016-09-19,11.81,12.12,12.02,11.65,106835.76,0.35,3.0,11.798,11.515,11.29,119997.83,103017.82,90733.93,3.9
2016-09-14,11.89,12.45,11.67,11.66,120959.99,-0.32,-2.67,11.812,11.413,11.24,136628.06,96980.51,88726.43,4.42
2016-09-13,11.54,12.14,11.99,11.3,142202.52,0.48,4.17,11.732,11.347,11.205,133558.1,89168.41,88741.67,5.2
2016-09-12,11.51,11.65,11.51,11.2,113320.95,-0.29,-2.46,11.538,11.277,11.145,117971.45,80879.2,87184.34,4.14
2016-09-09,11.99,12.0,11.8,11.72,116669.91,-0.29,-2.4,11.428,11.252,11.089,101860.9,79652.54,84324.31,4.26
2016-09-08,11.22,12.34,12.09,11.22,189986.92,0.82,7.28,11.232,11.171,11.011,86037.81,72549.32,79739.2,6.94
2016-09-07,11.09,11.53,11.27,11.06,105610.18,0.25,2.27,11.014,11.062,10.916,57332.96,59328.32,71542.61,3.86
2016-09-06,10.9,11.09,11.02,10.87,64269.28,0.06,0.55,10.962,11.019,10.871,44778.72,55309.08,68384.9,2.35
2016-09-05,10.84,11.05,10.96,10.83,32768.23,0.14,1.29,11.016,11.017,10.836,43786.96,56080.21,66637.76,1.2
2016-09-02,10.96,11.04,10.82,10.78,37554.46,-0.18,-1.64,11.076,11.018,10.801,57444.17,67443.96,66560.61,1.37
2016-09-01,11.08,11.26,11.0,10.97,46462.63,-0.01,-0.09,11.11,11.064,10.767,59060.82,78450.04,67265.53,1.7
2016-08-31,11.11,11.24,11.01,10.93,42839.0,-0.28,-2.48,11.11,11.067,10.736,61323.67,80472.36,66397.47,1.57
2016-08-30,11.23,11.43,11.29,11.1,59310.48,0.03,0.27,11.076,11.062,10.701,65839.45,88314.93,66461.71,2.17
2016-08-29,11.0,11.49,11.26,10.9,101054.26,0.27,2.46,11.018,11.012,10.66,68373.46,93489.47,64865.7,3.69
2016-08-26,11.0,11.16,10.99,10.9,45637.74,-0.01,-0.09,10.96,10.926,10.613,77443.74,88996.08,61627.47,1.67
2016-08-25,10.75,11.05,11.0,10.56,57776.89,0.16,1.48,11.018,10.851,10.595,97839.26,86929.08,65203.55,2.11
2016-08-24,11.14,11.19,10.84,10.81,65417.86,-0.16,-1.46,11.024,10.769,10.555,99621.04,83756.91,66096.86,2.39
2016-08-23,10.97,11.24,11.0,10.71,71980.57,0.03,0.27,11.048,10.723,10.513,110790.41,81460.72,69068.28,2.63
2016-08-22,11.27,11.7,10.97,10.96,146405.66,-0.31,-2.75,11.006,10.654,10.501,118605.47,77195.31,68074.63,5.35
2016-08-19,10.91,11.31,11.28,10.91,147615.31,0.25,2.27,10.892,10.584,10.484,100548.41,65677.27,63052.98,5.39
2016-08-18,10.8,11.2,11.03,10.8,66685.78,0.07,0.64,10.684,10.47,10.459,76018.91,56081.03,57693.14,2.44
2016-08-17,10.83,11.04,10.96,10.65,121264.75,0.17,1.58,10.514,10.404,10.453,67892.79,52322.58,60005.74,4.43
2016-08-16,10.48,10.85,10.79,10.32,111055.87,0.39,3.75,10.398,10.339,10.453,52131.03,44608.48,61575.53,4.06
2016-08-15,10.37,10.46,10.4,10.18,56120.33,0.16,1.56,10.302,10.307,10.444,35785.14,36241.93,59280.71,2.05
2016-08-12,10.21,10.29,10.24,10.13,24967.8,0.06,0.59,10.276,10.299,10.442,30806.14,34258.86,59609.1,0.91
2016-08-11,10.32,10.47,10.18,10.15,26055.18,-0.2,-1.93,10.256,10.339,10.463,36143.14,43478.01,68246.11,0.95
2016-08-10,10.29,10.62,10.38,10.27,42455.97,0.07,0.68,10.294,10.34,10.503,36752.38,48436.82,76391.82,1.55
2016-08-09,10.3,10.39,10.31,10.21,29326.4,0.04,0.39,10.28,10.302,10.509,37085.93,56675.84,78885.9,1.07
2016-08-08,10.11,10.35,10.27,10.0,31225.35,0.13,1.28,10.312,10.348,10.528,36698.73,58953.95,85033.4,1.14
2016-08-05,10.36,10.36,10.14,10.09,51652.82,-0.23,-2.22,10.322,10.383,10.542,37711.59,60428.68,89399.77,1.89
2016-08-04,10.13,10.41,10.37,10.13,29101.34,0.06,0.58,10.422,10.447,10.549,50812.88,59305.26,90342.92,1.06
2016-08-03,10.47,10.57,10.31,10.22,44123.75,-0.16,-1.53,10.386,10.502,10.512,60121.26,67688.9,91789.3,1.61
2016-08-02,10.37,10.5,10.47,10.26,27390.4,0.15,1.45,10.324,10.567,10.493,76265.75,78542.58,93016.31,1.0
2016-08-01,10.7,10.75,10.32,10.05,36289.62,-0.32,-3.01,10.384,10.58,10.467,81209.17,82319.48,95025.08,1.33
2016-07-29,10.3,10.66,10.64,10.17,117159.27,0.45,4.42,10.444,10.585,10.453,83145.78,84959.34,97735.75,4.28
2016-07-28,10.08,10.37,10.19,9.82,75643.27,0.19,1.9,10.472,10.586,10.408,67797.64,93014.22,95240.36,2.76
2016-07-27,10.94,10.94,10.0,9.9,124846.17,-0.77,-7.15,10.618,10.665,10.376,75256.54,104346.83,94341.26,4.56
2016-07-26,10.68,10.89,10.77,10.46,52107.51,0.15,1.41,10.81,10.715,10.344,80819.41,101095.95,90973.82,1.9
2016-07-25,10.84,10.85,10.62,10.55,45972.66,-0.16,-1.48,10.776,10.708,10.272,83429.8,111112.85,91270.58,1.68
2016-07-22,10.89,10.95,10.78,10.69,40418.59,-0.14,-1.28,10.726,10.7,10.193,86772.89,118370.86,89967.06,1.48
2016-07-21,11.08,11.08,10.92,10.78,112937.77,-0.04,-0.36,10.7,10.651,10.11,118230.79,121380.58,89285.54,4.13
2016-07-20,10.68,11.07,10.96,10.61,152660.52,0.36,3.4,10.712,10.521,10.019,133437.12,115889.7,85470.56,5.58
2016-07-19,10.47,10.65,10.6,10.31,65159.45,0.23,2.22,10.62,10.419,9.926,121372.5,107490.04,79382.23,2.38
2016-07-18,10.65,10.73,10.37,10.3,62688.14,-0.28,-2.63,10.64,10.353,9.853,138795.9,107730.68,77723.15,2.29
2016-07-15,10.9,10.95,10.65,10.62,197708.09,-0.33,-3.0,10.674,10.321,9.788,149968.83,110512.17,76191.64,7.22
2016-07-14,10.6,11.29,10.98,10.51,188969.38,0.48,4.57,10.602,10.23,9.706,124530.37,97466.5,68053.93,6.91
2016-07-13,10.71,10.85,10.5,10.3,92337.43,-0.2,-1.87,10.33,10.087,9.598,98342.29,84335.7,60497.87,3.37
2016-07-12,10.95,11.38,10.7,10.46,152276.44,0.16,1.52,10.218,9.972,9.513,93607.59,80851.69,58739.45,5.56
2016-06-15,10.3,10.8,10.54,10.12,118552.79,0.25,2.43,10.066,9.835,9.438,76665.46,71428.32,53030.45,4.33
2016-06-14,9.73,10.29,10.29,9.5,70515.79,0.67,6.96,9.968,9.685,9.376,71055.51,61563.26,49378.63,2.58
2016-06-13,9.81,9.97,9.62,9.61,58029.0,-0.32,-3.22,9.858,9.568,9.32,70402.64,57190.51,47825.32,2.12
2016-06-08,10.02,10.03,9.94,9.85,68663.92,0.0,0.0,9.844,9.517,9.295,70329.11,55051.42,47846.82,2.51
2016-06-07,10.19,10.19,9.94,9.71,67565.78,-0.11,-1.09,9.726,9.433,9.26,68095.8,51274.41,46885.18,2.47
2016-06-06,9.85,10.07,10.05,9.85,90503.08,0.31,3.18,9.604,9.352,9.23,66191.18,47715.63,47797.18,3.31
2016-06-03,9.6,9.9,9.74,9.5,67251.41,0.19,1.99,9.402,9.255,9.185,52071.0,41871.1,48917.68,2.46
2016-06-02,9.38,9.55,9.55,9.29,57661.37,0.2,2.14,9.278,9.181,9.192,43978.37,38641.36,53199.85,2.11
2016-06-01,9.4,9.52,9.35,9.32,57497.36,0.02,0.21,9.19,9.108,9.244,39773.73,36660.03,56918.44,2.1
2016-05-31,9.04,9.34,9.33,9.04,58042.7,0.29,3.21,9.14,9.053,9.309,34453.01,36627.21,67734.41,2.12
2016-05-30,9.01,9.13,9.04,8.96,19902.17,-0.08,-0.88,9.1,9.04,9.404,29240.07,34632.57,84840.85,0.73
2016-05-27,9.15,9.18,9.12,9.04,26788.27,0.01,0.11,9.108,9.066,9.497,31671.2,37194.01,91158.14,0.98
2016-05-26,9.14,9.18,9.11,8.89,36638.15,0.01,0.11,9.084,9.071,9.59,33304.35,38460.13,100474.03,1.34
2016-05-25,9.19,9.32,9.1,9.05,30893.78,-0.03,-0.33,9.026,9.072,9.696,33546.33,40642.22,116748.31,1.13
2016-05-24,9.24,9.24,9.13,9.01,31978.0,0.05,0.55,8.966,9.086,9.755,38801.4,42495.95,124805.69,1.17
2016-05-23,8.99,9.2,9.08,8.98,32057.82,0.08,0.89,8.98,9.107,9.789,40025.07,47878.72,127488.0,1.17
2016-05-20,8.79,9.06,9.0,8.71,34953.98,0.18,2.04,9.024,9.114,9.827,42716.82,55964.26,129664.49,1.28
2016-05-19,8.81,9.1,8.82,8.81,37848.07,0.02,0.23,9.058,9.202,9.862,43615.92,67758.35,132973.53,1.38
2016-05-18,9.18,9.18,8.8,8.68,57169.15,-0.4,-4.35,9.118,9.38,9.892,47738.12,77176.85,138137.49,2.09
2016-05-17,9.26,9.36,9.2,9.11,38096.34,-0.1,-1.07,9.206,9.565,9.961,46190.5,98841.62,143396.2,1.39
2016-05-16,9.01,9.3,9.3,9.01,45516.56,0.13,1.42,9.234,9.767,9.996,55732.38,135049.13,146561.44,1.66
2016-05-13,9.15,9.25,9.17,9.02,39449.47,0.05,0.55,9.204,9.927,10.019,69211.7,145122.27,149122.63,1.44
2016-05-12,9.0,9.15,9.12,8.66,58459.06,-0.12,-1.3,9.346,10.109,10.05,91900.78,162487.92,153275.15,2.14
2016-05-11,9.41,9.49,9.24,9.22,49431.07,-0.1,-1.07,9.642,10.32,10.073,106615.58,192854.39,157211.75,1.81
2016-05-10,9.15,9.49,9.34,9.15,85805.72,0.19,2.08,9.924,10.424,10.081,151492.74,207115.42,157739.23,3.14
2016-05-09,9.74,9.74,9.15,9.08,112913.17,-0.73,-7.39,10.3,10.47,10.091,214365.88,207097.28,157631.97,4.13
2016-05-06,10.6,10.71,9.88,9.8,152894.86,-0.72,-6.79,10.65,10.54,10.104,221032.84,203364.73,155280.57,5.59
2016-05-05,10.59,10.71,10.6,10.38,132033.06,-0.05,-0.47,10.872,10.522,10.086,233075.06,198188.71,153374.16,4.82
2016-05-04,11.03,11.19,10.65,10.64,273816.88,-0.57,-5.08,10.998,10.403,10.031,279093.2,199098.13,151187.74,10.01
2016-05-03,10.9,11.53,11.22,10.74,400171.44,0.32,2.94,10.924,10.356,9.971,262738.1,187950.78,142264.06,14.62
2016-04-29,11.04,11.09,10.9,10.84,146247.95,-0.09,-0.82,10.64,10.224,9.871,199828.67,158073.75,126663.29,5.34
2016-04-28,10.92,11.15,10.99,10.75,213105.97,-0.24,-2.14,10.43,10.11,9.791,185696.61,153123.0,125522.53,7.79
2016-04-27,10.28,11.31,11.23,10.18,362123.78,0.95,9.24,10.172,9.991,9.718,163302.35,144062.37,121188.03,13.23
2016-04-26,9.7,10.36,10.28,9.6,192041.38,0.48,4.9,9.808,9.826,9.615,119103.06,121569.11,106985.57,7.02
2016-04-25,9.86,10.14,9.8,9.68,85624.29,-0.05,-0.51,9.788,9.738,9.551,113163.46,108363.04,100778.6,3.13
2016-04-22,9.43,9.88,9.85,9.42,75587.65,0.15,1.55,9.808,9.711,9.518,116318.83,108166.66,98927.2,2.76
2016-04-21,9.38,9.79,9.7,9.25,101134.65,0.29,3.08,9.79,9.667,9.477,120549.38,107196.41,98112.89,3.7
2016-04-20,10.13,10.2,9.41,9.21,141127.33,-0.77,-7.56,9.81,9.649,9.453,124822.4,108559.62,95784.95,5.16
2016-04-19,9.9,10.24,10.18,9.84,162343.36,0.28,2.83,9.844,9.658,9.441,124035.16,103277.35,92599.73,5.93
2016-04-18,9.69,9.96,9.9,9.6,101401.15,0.14,1.43,9.688,9.585,9.391,103562.62,96577.34,89386.19,3.71
2016-04-15,9.73,9.86,9.76,9.6,96740.4,-0.04,-0.41,9.614,9.518,9.342,100014.49,95252.83,88436.79,3.54
2016-04-14,9.64,9.9,9.8,9.54,122499.74,0.22,2.3,9.544,9.472,9.282,93843.45,97922.07,86931.55,4.48
2016-04-13,9.43,9.69,9.58,9.43,137191.16,0.18,1.92,9.488,9.445,9.207,92296.85,98313.69,82851.88,5.01
2016-04-12,9.54,9.56,9.4,9.26,59980.65,-0.13,-1.36,9.472,9.403,9.154,82519.54,92402.04,78404.34,2.19
2016-04-11,9.5,9.64,9.53,9.45,83660.5,0.12,1.27,9.482,9.363,9.118,89592.06,93194.16,79248.48,3.06
2016-04-08,9.41,9.48,9.41,9.29,65885.2,-0.11,-1.16,9.422,9.324,9.056,90491.17,89687.73,77237.38,2.41
2016-04-07,9.55,9.73,9.52,9.48,114766.74,0.02,0.21,9.4,9.286,9.005,102000.7,89029.37,76755.19,4.19
2016-04-06,9.4,9.64,9.5,9.4,88304.61,0.05,0.53,9.402,9.257,8.954,104330.52,83010.27,74378.78,3.23
2016-04-05,9.19,9.5,9.45,9.19,95343.27,0.22,2.38,9.334,9.223,8.926,102284.54,81922.11,75280.57,3.48
2016-04-01,9.3,9.33,9.23,8.99,88156.03,-0.07,-0.75,9.244,9.197,8.913,96796.25,82195.04,77857.89,3.22
2016-03-31,9.46,9.52,9.3,9.29,123432.83,-0.23,-2.41,9.226,9.165,8.929,88884.29,81620.74,77678.24,4.51
2016-03-30,9.21,9.67,9.53,9.15,126415.87,0.37,4.04,9.172,9.092,8.932,76058.04,75941.03,74922.05,4.62
2016-03-29,9.05,9.22,9.16,8.8,78074.68,0.16,1.78,9.112,8.969,8.92,61690.01,67390.07,73688.94,2.85
2016-03-28,9.2,9.29,9.0,8.91,67901.83,-0.14,-1.53,9.112,8.904,8.925,61559.68,64406.65,73666.59,2.48
2016-03-25,9.07,9.19,9.14,9.03,48596.25,0.11,1.22,9.15,8.872,8.932,67593.83,65302.8,73378.72,1.78
2016-03-24,9.24,9.27,9.03,9.01,59301.56,-0.2,-2.17,9.104,8.788,8.908,74357.19,64787.02,73501.86,2.17
2016-03-23,9.17,9.33,9.23,9.12,54575.75,0.07,0.76,9.012,8.724,8.903,75824.02,64481.02,72657.56,1.99
2016-03-22,9.17,9.3,9.16,9.01,77423.02,-0.03,-0.33,8.826,8.651,8.893,73090.12,65747.29,72339.7,2.83
2016-03-21,9.06,9.37,9.19,9.0,98072.56,0.28,3.14,8.696,8.628,8.878,67253.61,68639.03,70737.19,3.58
2016-03-18,8.61,8.98,8.91,8.59,82413.05,0.34,3.97,8.594,8.629,8.866,63011.76,73520.75,68763.95,3.01
2016-03-17,8.34,8.64,8.57,8.33,66635.71,0.27,3.25,8.472,8.692,8.847,55216.86,73735.74,67633.39,2.44
2016-03-16,8.55,8.65,8.3,8.25,40906.25,-0.21,-2.47,8.436,8.771,8.842,53138.02,73903.08,68947.3,1.49
2016-03-15,8.68,8.71,8.51,8.46,48240.47,-0.17,-1.96,8.476,8.871,8.839,58404.46,79987.81,71082.77,1.76
2016-03-14,8.39,8.81,8.68,8.36,76863.33,0.38,4.58,8.56,8.945,8.871,70024.46,82926.53,75182.0,2.81
2016-03-11,8.3,8.41,8.3,8.13,43438.54,-0.09,-1.07,8.664,8.991,8.932,84029.73,81454.65,77522.54,1.59
2016-03-10,8.53,8.66,8.39,8.38,56241.5,-0.11,-1.29,8.912,9.028,9.067,92254.62,82216.69,82139.73,2.06
2016-03-09,8.6,8.75,8.5,8.43,67238.47,-0.43,-4.82,9.106,9.082,9.205,94668.13,80834.11,89420.16,2.46
2016-03-08,9.19,9.19,8.93,8.4,106340.46,-0.27,-2.94,9.266,9.134,9.323,101571.16,78932.12,94978.36,3.89
2016-03-07,9.7,9.8,9.2,8.93,146889.67,-0.34,-3.56,9.33,9.128,9.452,95828.59,72835.34,103157.13,5.37
2016-02-22,9.4,9.64,9.54,9.32,84563.02,0.18,1.92,9.318,9.102,9.542,78879.56,64007.15,103769.63,3.09
2016-02-19,9.16,9.38,9.36,9.09,68309.05,0.06,0.65,9.144,9.001,9.586,72178.75,61531.04,106259.29,2.5
2016-02-18,9.2,9.58,9.3,9.12,101753.6,0.05,0.54,9.058,8.913,9.638,67000.09,63991.53,108098.45,3.72
2016-02-17,9.1,9.26,9.25,9.02,77627.62,0.11,1.2,9.002,8.807,9.718,56293.07,62177.73,110010.81,2.84
2016-02-16,8.82,9.16,9.14,8.71,62144.52,0.47,5.42,8.926,8.797,9.79,49842.09,67437.47,110504.11,2.27
2016-02-15,8.56,8.8,8.67,8.5,51058.98,-0.26,-2.91,8.886,8.873,9.9,49134.74,73590.43,111689.18,1.87
2016-02-05,9.04,9.17,8.93,8.88,42415.71,-0.09,-1.0,8.858,9.106,10.041,50883.33,82062.77,116341.24,1.55
2016-02-04,8.88,9.11,9.02,8.8,48218.52,0.15,1.69,8.768,9.327,10.197,60982.98,98006.2,125171.34,1.76
2016-02-03,8.87,8.99,8.87,8.61,45372.72,-0.07,-0.78,8.612,9.512,10.33,68062.38,111024.61,124828.42,1.66
2016-02-02,8.55,8.97,8.94,8.55,58607.79,0.41,4.81,8.668,9.775,10.534,85032.85,133478.93,132421.88,2.14
2016-02-01,8.49,8.75,8.53,8.42,59801.93,0.05,0.59,8.86,9.982,10.699,98046.12,143532.11,138933.56,2.19
2016-01-29,8.05,8.72,8.48,8.05,92913.93,0.24,2.91,9.354,10.17,10.872,113242.2,150987.54,141127.81,3.4
2016-01-28,8.88,9.19,8.24,8.24,83615.53,-0.91,-9.95,9.886,10.362,11.114,135029.43,152205.37,143286.54,3.06
2016-01-27,9.58,9.87,9.15,8.91,130225.08,-0.75,-7.58,10.412,10.628,11.368,153986.83,157843.89,146882.83,4.76
2016-01-26,10.85,10.88,9.9,9.9,123674.13,-1.1,-10.0,10.882,10.783,11.551,181925.0,153570.76,147839.87,4.52
2016-01-25,11.26,11.37,11.0,10.76,135782.34,-0.14,-1.26,11.104,10.926,11.706,189018.09,149787.94,154454.89,4.96
2016-01-22,10.97,11.43,11.14,10.87,201850.05,0.27,2.48,10.986,10.976,11.852,188732.88,150619.71,161126.46,7.38
2016-01-21,11.3,11.9,10.87,10.87,178402.56,-0.63,-5.48,10.838,11.067,12.006,169381.3,152336.48,168752.02,6.52
2016-01-20,10.81,11.8,11.5,10.81,269915.94,0.49,4.45,10.844,11.147,12.163,161700.95,138632.23,183467.45,9.86
2016-01-19,10.45,11.01,11.01,10.3,159139.56,0.6,5.76,10.684,11.293,12.323,125216.51,131364.84,201421.74,5.82
2016-01-18,10.1,10.96,10.41,10.1,134356.3,0.01,0.1,10.748,11.416,12.5,110557.78,134335.01,222726.04,4.91
2016-01-15,10.89,11.05,10.4,10.29,105092.16,-0.5,-4.59,10.966,11.574,12.693,112506.53,131268.08,238874.74,3.84
2016-01-14,10.3,11.26,10.9,10.02,140000.8,0.2,1.87,11.296,11.866,12.876,135291.66,134367.72,252779.82,5.12
2016-01-13,11.5,11.53,10.7,10.68,87493.73,-0.63,-5.56,11.45,12.108,13.006,115563.5,135921.77,264355.47,3.2
2016-01-12,11.52,11.79,11.33,11.1,85845.92,-0.17,-1.48,11.902,12.318,13.104,137513.17,142108.99,273302.98,3.14
2016-01-11,11.78,12.2,11.5,11.42,144100.05,-0.55,-4.56,12.084,12.486,13.148,158112.23,159121.85,284273.66,5.27
2016-01-08,12.0,12.58,12.05,11.0,219017.81,0.38,3.26,12.182,12.727,13.178,150029.62,171633.21,299641.18,8.0
2016-01-07,12.69,12.7,11.67,11.66,41360.0,-1.29,-9.95,12.436,12.945,13.18,133443.78,185167.56,294980.64,1.51
2016-01-06,12.25,13.4,12.96,12.12,197242.06,0.72,5.88,12.766,13.178,13.231,156280.04,228302.68,298468.01,7.21
2016-01-05,11.0,12.3,12.24,11.0,188841.23,0.25,2.08,12.734,13.352,13.206,146704.81,271478.64,293376.37,6.9
2016-01-04,13.38,13.39,11.99,11.99,103687.0,-1.33,-9.98,12.888,13.584,13.21,160131.47,311117.07,287958.69,3.79
2015-12-31,13.33,13.69,13.32,13.3,136088.59,0.0,0.0,13.272,13.811,13.222,193236.81,346481.4,289234.12,4.97
2015-12-30,12.85,13.34,13.32,12.85,155541.3,0.52,4.06,13.454,13.885,13.192,236891.35,371191.91,286516.04,5.68
2015-12-29,13.0,13.1,12.8,12.52,149365.94,-0.21,-1.61,13.59,13.903,13.156,300325.32,392789.16,283464.21,5.46
2015-12-28,14.0,14.1,13.01,13.01,255974.52,-0.9,-6.47,13.97,13.89,13.182,396252.46,404496.98,283115.64,9.35
2015-12-25,14.09,14.5,13.91,13.79,269213.69,-0.32,-2.25,14.28,13.809,13.179,462102.67,409425.47,277456.32,9.84
2015-12-24,13.8,14.47,14.23,13.43,354361.31,0.23,1.64,14.35,13.628,13.138,499725.99,427649.14,275478.15,12.95
2015-12-23,14.48,14.8,14.0,13.75,472711.16,-0.7,-4.76,14.316,13.415,13.105,505492.47,404793.72,269517.25,17.27
2015-12-22,14.4,15.15,14.7,14.0,629001.62,0.14,0.96,14.216,13.284,13.059,485253.0,368633.33,256941.66,22.99
2015-12-21,13.95,14.78,14.56,13.21,585225.56,0.3,2.1,13.81,13.059,12.919,412741.49,315274.1,229145.73,21.39
2015-12-18,14.06,14.8,14.26,13.75,457330.28,0.2,1.42,13.338,12.836,12.776,356748.27,264800.31,204524.55,16.71
2015-12-17,13.5,14.45,14.06,13.42,383193.75,0.56,4.15,12.906,12.632,12.649,355572.29,231986.84,188784.58,14.0
2015-12-16,12.66,13.83,13.5,12.66,371513.81,0.83,6.55,12.514,12.498,12.537,304094.96,201840.17,179504.75,13.58
2015-12-15,12.15,12.92,12.67,12.15,266444.06,0.47,3.85,12.352,12.408,12.45,252013.66,174139.26,173953.41,9.74
2015-12-14,11.71,12.7,12.2,11.61,305259.44,0.1,0.83,12.308,12.474,12.401,217806.7,161734.31,174539.34,11.16
2015-12-11,12.06,12.99,12.1,10.91,451450.38,0.0,0.0,12.334,12.549,12.365,172852.34,145487.18,164046.75,16.5
2015-12-10,12.67,12.73,12.1,12.1,125807.1,-0.59,-4.65,12.358,12.648,12.313,108401.4,123307.17,148476.62,4.6
2015-12-09,12.31,12.76,12.69,12.31,111107.32,0.24,1.93,12.482,12.794,12.284,99585.39,134240.78,155991.24,4.06
2015-12-08,12.25,12.57,12.45,12.14,95409.28,0.12,0.97,12.464,12.834,12.203,96264.85,145250.0,157835.45,5.73
2015-12-07,12.18,12.34,12.33,12.08,80487.64,0.11,0.9,12.64,12.779,12.137,105661.91,143017.37,164573.94,4.84
2015-12-04,12.67,12.76,12.22,12.1,129195.64,-0.5,-3.93,12.764,12.716,12.051,118122.01,144248.79,170827.11,7.76
2015-12-03,12.51,12.91,12.72,12.5,81727.05,0.12,0.95,12.938,12.666,11.971,138212.95,145582.32,174265.26,4.91
2015-12-02,13.2,13.31,12.6,12.1,94504.66,-0.73,-5.48,13.106,12.576,11.848,168896.17,157169.33,178036.14,5.68
2015-12-01,12.92,13.38,13.33,12.4,142394.55,0.38,2.93,13.204,12.491,11.734,194235.14,173767.57,181172.92,8.56
2015-11-30,12.91,13.3,12.95,11.8,142788.14,-0.14,-1.07,12.918,12.328,11.555,180372.83,187344.37,177009.52,8.58
2015-11-27,13.25,14.1,13.09,12.79,229650.34,-0.47,-3.47,12.668,12.18,11.384,170375.57,182606.33,173399.73,13.8
2015-11-26,13.18,13.89,13.56,12.62,235143.17,0.47,3.59,12.394,11.978,11.222,152951.69,173646.07,166038.86,14.13
2015-11-25,11.98,13.09,13.09,11.91,221199.5,1.19,10.0,12.046,11.773,11.043,145442.49,177741.71,162556.83,13.29
2015-11-24,11.7,11.9,11.9,11.58,73083.02,0.2,1.71,11.778,11.571,10.906,153300.0,170420.9,158014.09,4.39
2015-11-23,11.63,11.96,11.7,11.53,92801.83,-0.02,-0.17,11.738,11.494,10.836,194315.91,186130.5,163363.52,5.58
2015-11-20,11.86,11.88,11.72,11.6,142530.92,-0.1,-0.85,11.692,11.385,10.772,194837.08,197405.42,172446.13,8.56
2015-11-19,11.63,12.08,11.82,11.53,197597.19,0.07,0.6,11.562,11.275,10.728,194340.45,202948.21,180276.37,11.87
2015-11-18,11.63,12.33,11.75,11.55,260487.06,0.05,0.43,11.5,11.12,10.637,210040.93,198902.96,181734.85,15.65
2015-11-17,11.58,11.99,11.7,11.21,278162.53,0.23,2.0,11.364,10.977,10.518,187541.8,188578.26,176410.89,16.72
2015-11-16,10.65,11.48,11.47,10.62,95407.7,0.4,3.61,11.25,10.781,10.443,177945.1,166674.66,169780.65,5.73
2015-11-13,11.4,11.4,11.07,10.8,140047.78,-0.44,-3.82,11.078,10.588,10.359,199973.76,164193.14,172460.14,8.42
2015-11-12,11.08,11.8,11.51,10.99,276099.56,0.44,3.98,10.988,10.465,10.287,211555.97,158431.66,172490.91,16.59
2015-11-11,11.0,11.25,11.07,10.82,147991.42,-0.06,-0.54,10.74,10.312,10.174,187764.99,147371.96,165320.26,8.89
2015-11-10,10.6,11.25,11.13,10.51,230179.05,0.52,4.9,10.59,10.24,10.073,189614.72,145607.27,163721.31,13.83
2015-11-09,10.5,11.09,10.61,10.34,205551.0,-0.01,-0.09,10.312,10.178,9.96,155404.22,140596.54,156436.19,12.35
2015-11-06,10.29,10.97,10.62,10.2,197958.8,0.35,3.41,10.098,10.158,9.867,128412.52,147486.85,151090.41,11.9
2015-11-05,10.28,10.66,10.27,10.15,157144.66,-0.05,-0.48,9.942,10.18,9.752,105307.35,157604.53,145762.29,9.44
2015-11-04,9.88,10.58,10.32,9.78,157240.09,0.58,5.96,9.884,10.153,9.645,106978.93,164566.74,140320.13,9.45
2015-11-03,9.56,9.86,9.74,9.52,59126.57,0.2,2.1,9.89,10.058,9.518,101599.82,164243.53,132479.98,3.55
2015-11-02,9.52,9.93,9.54,9.45,70592.5,-0.3,-3.05,10.044,10.104,9.417,125788.85,172886.63,131474.52,4.24
2015-10-30,9.98,10.05,9.84,9.68,82432.91,-0.14,-1.4,10.218,10.129,9.325,166561.17,180727.13,130002.11,4.95
2015-10-29,10.35,10.74,9.98,9.94,165502.59,-0.37,-3.58,10.418,10.109,9.237,209901.71,186550.15,127835.63,9.95
2015-10-28,10.41,10.94,10.35,10.3,130344.54,-0.16,-1.52,10.422,10.035,9.132,222154.54,183268.56,123812.93,7.83
2015-10-27,10.25,10.97,10.51,9.68,180071.7,0.1,0.96,10.226,9.905,9.029,226887.23,181835.35,122384.55,10.82
2015-10-26,10.74,11.52,10.41,10.25,274454.12,-0.43,-3.97,10.164,9.742,8.915,219984.41,172275.84,118157.65,16.49
2015-10-23,9.84,11.0,10.84,9.75,299135.62,0.84,8.4,10.04,9.575,8.803,194893.09,154693.98,109543.95,17.98
2015-10-22,9.48,10.19,10.0,9.25,226766.73,0.63,6.72,9.8,9.324,8.669,163198.6,133920.04,98789.6,13.63
2015-10-21,10.16,10.6,9.37,9.23,154007.97,-0.83,-8.14,9.648,9.136,8.561,144382.58,116073.53,91816.48,9.25
2015-10-20,9.67,10.28,10.2,9.65,145557.59,0.41,4.19,9.584,8.977,8.47,136783.47,100716.43,88335.86,8.75
2015-10-19,9.68,10.48,9.79,9.55,148997.53,0.15,1.56,9.32,8.73,8.333,124567.27,90062.42,84196.1,8.95
2015-10-16,9.18,9.85,9.64,9.18,140663.16,0.4,4.33,9.11,8.521,8.183,114494.87,79277.09,79604.44,8.45
2015-10-15,8.99,9.3,9.24,8.83,132686.64,0.19,2.1,8.848,8.365,8.073,104641.49,69121.11,76468.98,7.97
2015-10-14,8.83,9.28,9.05,8.45,116012.42,0.17,1.91,8.624,8.228,8.025,87764.48,64357.3,73659.9,6.97
2015-10-13,8.59,8.98,8.88,8.58,84476.58,0.14,1.6,8.37,8.153,7.976,64649.4,62933.75,71234.9,4.99
2015-10-12,8.29,8.83,8.74,8.24,98635.57,0.41,4.92,8.14,8.087,7.938,55557.58,64039.47,70906.27,5.82
2015-10-09,8.16,8.44,8.33,8.03,91396.23,0.21,2.59,7.932,8.03,7.893,44059.3,64393.92,68190.91,5.4
2015-10-08,8.03,8.13,8.12,7.84,48301.6,0.39,5.04,7.882,8.013,7.85,33600.73,63659.17,66347.91,2.85
2015-10-07,7.7,7.82,7.78,7.7,437.0,0.05,0.65,7.832,7.985,7.809,40950.12,67559.44,68535.58,0.03
2015-09-30,7.81,7.91,7.73,7.63,39017.49,0.03,0.39,7.936,7.963,7.786,61218.11,75955.28,72378.5,2.3
2015-09-29,7.92,8.02,7.7,7.58,41144.16,-0.38,-4.7,8.034,7.936,7.798,72521.37,78329.77,74956.6,2.43
2015-09-28,7.93,8.11,8.08,7.85,39103.41,0.21,2.67,8.128,7.844,7.827,84728.53,79931.79,79046.71,2.31
2015-09-25,8.24,8.31,7.87,7.71,85048.55,-0.43,-5.18,8.144,7.781,7.804,93717.6,83816.84,83793.91,5.02
2015-09-24,8.17,8.48,8.3,8.04,101776.95,0.08,0.97,8.138,7.822,7.779,94168.75,82962.5,89664.23,6.01
2015-09-23,8.0,8.45,8.22,7.8,95533.76,0.05,0.61,7.99,7.798,7.773,90692.45,79536.04,90966.06,5.64
2015-09-22,8.25,8.48,8.17,7.83,102180.0,0.01,0.12,7.838,7.789,7.816,84138.18,77773.06,90791.18,6.03
2015-09-21,7.59,8.2,8.16,7.56,84048.74,0.32,4.08,7.56,7.755,7.913,75135.04,71987.89,92072.21,4.96
2015-09-18,7.58,7.97,7.84,7.58,87304.32,0.28,3.7,7.418,7.687,8.061,73916.09,69036.65,97054.37,5.15
2015-09-17,7.47,7.85,7.56,7.26,84395.43,0.1,1.34,7.506,7.632,8.22,71756.25,69511.72,103024.01,4.98
2015-09-16,6.89,7.46,7.46,6.8,62762.42,0.68,10.03,7.606,7.609,8.36,68379.63,68801.72,107329.7,3.71
2015-09-15,7.26,7.3,6.78,6.76,57164.3,-0.67,-8.99,7.74,7.66,8.562,71407.94,71583.43,113697.63,3.38
2015-09-14,8.29,8.35,7.45,7.45,77953.97,-0.83,-10.02,7.95,7.809,8.807,68840.75,78161.63,119926.02,4.6
2015-09-11,7.99,8.3,8.28,7.99,76505.11,0.22,2.73,7.956,7.827,9.027,64157.22,83770.97,125674.83,4.52
2015-09-10,7.99,8.37,8.06,7.84,67512.35,-0.07,-0.86,7.758,7.735,9.18,67267.19,96365.96,136053.02,3.99
2015-09-09,7.85,8.24,8.13,7.83,77903.98,0.3,3.83,7.612,7.747,9.321,69223.8,102396.08,144608.35,4.6
2015-09-08,7.49,7.98,7.83,7.36,44328.33,0.35,4.68,7.58,7.843,9.423,71758.92,103809.29,151047.12,2.62
2015-09-07,7.64,7.78,7.48,7.36,54536.32,0.19,2.61,7.668,8.07,9.507,87482.51,112156.53,155957.54,3.22
2015-09-02,6.92,7.79,7.29,6.78,92054.98,-0.04,-0.55,7.698,8.435,9.591,103384.73,125072.1,158014.65,5.43
2015-09-01,7.99,7.99,7.33,7.23,77295.4,-0.64,-8.03,7.712,8.808,9.686,125464.72,136536.3,160604.61,4.56
2015-08-31,8.28,8.28,7.97,7.87,90579.56,-0.3,-3.63,7.882,9.11,9.769,135568.35,145857.68,162635.81,5.35
2015-08-28,7.72,8.32,8.27,7.65,122946.31,0.64,8.39,8.106,9.463,9.78,135859.66,155811.83,164620.44,7.26
2015-08-27,7.5,7.8,7.63,7.1,134047.38,0.27,3.67,8.472,9.804,9.815,136830.54,161690.41,162402.56,7.91
2015-08-26,8.16,8.45,7.36,7.36,202454.94,-0.82,-10.02,9.172,10.226,9.909,146759.46,167578.69,160774.29,11.95
2015-08-25,8.18,8.3,8.18,8.18,127813.58,-0.91,-10.01,9.904,10.625,10.049,147607.89,175740.09,156856.94,7.55
2015-08-24,9.81,9.81,9.09,9.09,92036.08,-1.01,-10.0,10.338,10.894,10.114,156147.0,186820.62,158604.02,5.43
2015-08-21,10.9,10.99,10.1,10.05,127800.72,-1.03,-9.25,10.82,11.003,10.167,175764.01,198284.95,160535.0,7.55
2015-08-20,10.88,11.33,11.13,10.51,183692.0,0.11,1.0,11.136,10.943,10.227,186550.28,199758.55,162649.95,10.85
2015-08-19,10.0,11.29,11.02,9.32,206697.06,0.67,6.47,11.28,10.746,10.236,188397.92,190957.21,161414.51,12.2
2015-08-18,11.58,11.88,10.35,10.35,170509.14,-1.15,-10.0,11.346,10.563,10.222,203872.29,184672.93,161311.69,10.07
2015-08-17,11.5,11.64,11.5,11.0,190121.12,-0.18,-1.54,11.45,10.427,10.256,217494.23,179413.94,165614.73,11.22
2015-08-14,12.0,12.08,11.68,11.56,181732.08,-0.17,-1.44,11.186,10.097,10.202,220805.89,173429.06,170535.39,10.73
2015-08-13,11.18,11.87,11.85,11.06,192930.19,0.5,4.41,10.75,9.825,10.092,212966.82,163114.71,172410.27,11.39
2015-08-12,10.52,11.82,11.35,10.5,284068.94,0.48,4.42,10.212,9.591,9.93,193516.5,153969.88,176909.52,16.77
2015-08-11,10.15,11.1,10.87,9.98,238618.84,0.69,6.78,9.78,9.473,9.754,165473.56,137973.79,165647.73,14.09
2015-08-10,9.69,10.4,10.18,9.47,206679.41,0.68,7.16,9.404,9.333,9.566,141333.64,130387.42,156974.34,12.2
2015-08-07,9.28,9.53,9.5,9.2,142536.72,0.34,3.71,9.008,9.331,9.453,126052.22,122785.06,155065.76,8.42
2015-08-06,8.81,9.31,9.16,8.81,95678.59,-0.03,-0.33,8.9,9.51,9.415,113262.59,125541.35,155460.38,5.65
2015-08-05,8.98,9.45,9.19,8.8,143854.23,0.2,2.23,8.97,9.725,9.436,114423.26,131871.81,156489.53,8.49
2015-08-04,8.19,9.02,8.99,8.19,117919.24,0.79,9.63,9.166,9.881,9.504,110474.03,137950.45,155336.86,6.96
2015-08-03,8.98,8.98,8.2,8.06,130272.31,-0.76,-8.48,9.262,10.085,9.64,119441.2,151815.53,157794.75,7.69
2015-07-31,9.5,9.52,8.96,8.56,78588.59,-0.55,-5.78,9.654,10.307,9.79,119517.9,167641.73,157654.02,4.64
2015-07-30,10.17,10.34,9.51,9.38,101481.94,-0.66,-6.49,10.12,10.358,9.964,137820.11,181705.82,158445.28,5.99
2015-07-29,9.81,10.28,10.17,9.01,124108.06,0.7,7.39,10.48,10.268,10.179,149320.36,199849.16,157478.74,7.33
2015-07-28,9.3,10.14,9.47,9.14,162755.11,-0.69,-6.79,10.596,10.034,10.413,165426.88,193321.68,157477.3,9.61
2015-07-27,11.02,11.41,10.16,10.16,130655.81,-1.13,-10.01,10.908,9.799,10.668,184189.85,183561.26,155881.33,7.71
2015-07-24,11.21,11.86,11.29,11.01,170099.62,-0.02,-0.18,10.96,9.574,10.918,215765.55,187346.45,152264.62,10.04
2015-07-23,10.56,11.53,11.31,10.56,158983.2,0.56,5.21,10.596,9.32,11.196,225591.54,185379.41,146785.92,9.39
2015-07-22,10.8,11.13,10.75,10.03,204640.64,-0.28,-2.54,10.056,9.147,11.517,250377.96,181107.25,143318.17,12.08
2015-07-21,10.74,11.46,11.03,10.27,256569.97,0.61,5.85,9.472,9.127,11.865,221216.47,172723.27,137439.71,15.15
2015-07-20,9.9,10.42,10.42,9.48,288534.31,0.95,10.03,8.69,9.194,12.215,182932.68,163773.98,130112.66,17.04
2015-07-17,8.7,9.47,9.47,8.56,219229.58,0.86,9.99,8.188,9.272,12.652,158927.36,147666.31,122070.55,12.94
2015-07-16,7.5,8.61,8.61,7.15,282915.31,0.78,9.96,8.044,9.569,13.149,145167.27,135184.74,117993.24,16.7
2015-07-15,7.83,7.83,7.83,7.83,58833.2,0.71,9.97,8.238,10.09,13.684,111836.54,115108.31,111501.29,3.47
2015-07-07,7.54,7.54,7.12,7.12,65151.0,-0.79,-9.99,8.782,10.791,14.216,124230.07,121632.92,113764.41,3.85
2015-07-06,9.63,9.63,7.91,7.88,168507.7,-0.84,-9.6,9.698,11.536,14.738,144615.28,128201.4,116206.36,9.95
2015-07-03,9.25,9.94,8.75,8.62,150429.16,-0.83,-8.66,10.356,12.262,15.293,136405.27,117182.78,113945.41,8.88
2015-07-02,10.68,10.73,9.58,9.5,116261.62,-0.97,-9.19,11.094,13.072,15.816,125202.21,108192.43,112385.3,6.86
2015-07-01,11.49,12.05,10.55,10.55,120800.87,-1.15,-9.83,11.942,13.886,16.282,118380.09,105529.1,114636.16,7.13
2015-06-30,10.13,11.94,11.7,10.08,167077.06,0.5,4.46,12.8,14.603,16.729,119035.78,102156.15,120576.72,9.86
2015-06-29,12.69,12.78,11.2,11.2,127457.63,-1.24,-9.97,13.374,15.236,17.112,111787.51,96451.35,122795.35,7.53
2015-06-26,13.3,13.32,12.44,12.44,94413.86,-1.38,-9.99,14.168,16.032,17.432,97960.29,96474.79,127671.24,5.57
2015-06-25,14.84,14.84,13.82,13.5,82151.01,-1.02,-6.87,15.05,16.728,17.616,91182.65,100801.74,135314.22,4.85
2015-06-24,14.6,14.98,14.84,13.88,124079.32,0.27,1.85,15.83,17.277,17.705,92678.11,107894.27,137190.73,7.33
2015-06-23,14.99,15.45,14.57,13.65,130835.75,-0.6,-3.96,16.406,17.641,17.77,85276.53,105895.89,139798.94,7.72
2015-06-19,16.51,16.92,15.17,15.17,58321.53,-1.68,-9.97,17.098,17.939,17.849,81115.18,104211.33,142414.65,3.44
2015-06-18,17.55,17.7,16.85,16.78,60525.62,-0.87,-4.91,17.896,18.324,17.846,94989.29,110708.03,148844.81,3.57
2015-06-17,17.74,18.15,17.72,16.0,89628.34,0.0,0.0,18.406,18.559,17.773,110420.82,116578.17,152657.7,5.29
2015-06-16,17.55,18.4,17.72,17.55,87071.41,-0.31,-1.72,18.724,18.677,17.587,123110.42,123743.22,155687.29,5.14
2015-06-15,19.4,19.54,18.03,17.95,110028.98,-1.13,-5.9,18.876,18.855,17.346,126515.25,138997.29,158727.19,6.5
2015-06-12,19.4,20.23,19.16,19.05,127692.11,-0.24,-1.24,18.78,18.988,17.059,127307.48,149139.36,161032.13,7.54
2015-06-11,19.29,19.75,19.4,19.01,137683.28,0.09,0.47,18.752,18.832,16.69,126426.77,158867.68,164572.19,8.13
2015-06-10,18.48,19.82,19.31,17.78,153076.34,0.83,4.49,18.712,18.504,16.286,122735.51,169826.7,165730.23,9.04
2015-06-09,17.17,18.5,18.48,16.5,104095.54,0.93,5.3,18.63,18.132,15.863,124376.02,166487.18,162790.89,6.15
2015-06-08,18.92,18.93,17.55,17.5,113990.11,-1.47,-7.73,18.834,17.898,15.472,151479.34,173701.99,161995.95,7.79
2015-06-05,19.22,19.69,19.02,18.65,123288.56,-0.18,-0.94,19.196,17.758,15.118,170971.24,180617.97,160311.13,8.43
2015-06-04,18.9,19.78,19.2,17.4,119226.98,0.3,1.59,18.912,17.367,14.667,191308.6,186981.58,158362.36,8.15
2015-06-03,19.33,19.33,18.9,18.25,161278.91,-0.6,-3.08,18.296,16.987,14.202,216917.89,188737.24,154975.62,11.03
2015-06-02,19.95,20.63,19.5,18.6,239612.12,0.14,0.72,17.634,16.497,13.757,208598.34,187631.37,149869.93,16.39
2015-06-01,18.4,19.36,19.36,17.8,211449.64,1.76,10.0,16.962,15.837,13.298,195924.64,178457.08,141903.91,14.46
2015-05-29,16.25,17.73,17.6,14.9,224975.33,1.48,9.18,16.32,15.13,12.871,190264.71,172924.91,134767.54,15.38
2015-05-28,15.57,17.15,16.12,15.15,247273.44,0.53,3.4,15.822,14.548,12.516,182654.57,170276.71,126981.33,16.91
2015-05-27,16.11,16.2,15.59,15.41,119681.19,-0.55,-3.41,15.678,14.068,12.24,160556.59,161633.76,117406.33,8.18
2015-05-26,15.44,16.34,16.14,15.44,176243.61,-0.01,-0.06,15.36,13.594,11.988,166664.39,159094.6,117701.82,12.05
2015-05-25,16.62,16.62,16.15,14.8,183149.97,1.04,6.88,14.712,13.046,11.739,160989.52,150289.92,115194.47,12.52
2015-05-22,15.5,16.14,15.11,14.5,186924.66,-0.29,-1.88,13.94,12.477,11.479,155585.11,140004.29,113424.65,12.78
2015-05-21,14.02,15.4,15.4,14.02,136783.52,1.4,10.0,13.274,11.967,11.285,157898.84,129743.13,115098.23,9.35
2015-05-20,13.29,14.13,14.0,12.87,150220.19,1.1,8.53,12.458,11.416,11.06,162710.93,121214.0,117592.14,10.27
2015-05-19,12.57,13.15,12.9,12.56,147869.25,0.61,4.96,11.828,11.016,10.872,151524.81,112108.5,113094.89,10.11
2015-05-18,11.72,12.58,12.29,11.71,156127.91,0.51,4.33,11.38,10.758,10.725,139590.32,105350.75,110911.51,10.68
2015-05-15,11.29,11.97,11.78,11.23,198493.34,0.46,4.06,11.014,10.612,10.62,124423.47,96610.18,107426.34,13.57
2015-05-14,10.8,11.55,11.32,10.7,160843.98,0.47,4.33,10.66,10.483,10.539,101587.41,83685.96,100978.54,11.0
2015-05-13,10.68,10.96,10.85,10.52,94289.55,0.19,1.78,10.374,10.411,10.477,79717.06,73178.9,97776.77,6.45
2015-05-12,10.66,10.98,10.66,10.65,88196.8,0.2,1.91,10.204,10.381,10.463,72692.2,76309.04,98116.57,6.03
2015-05-11,10.05,10.49,10.46,10.05,80293.67,0.45,4.5,10.136,10.431,10.47,71111.18,80099.02,100286.22,5.49
2015-05-08,9.97,10.14,10.01,9.72,84313.06,0.12,1.21,10.21,10.481,10.466,68796.89,86845.02,100530.34,5.77
2015-05-07,10.0,10.17,9.89,9.78,51492.23,-0.11,-1.1,10.306,10.602,10.466,65784.51,100453.34,101506.74,3.52
2015-05-06,10.37,10.53,10.0,9.96,59165.22,-0.32,-3.1,10.448,10.704,10.488,66640.74,113970.28,104546.96,4.05
2015-05-05,10.81,10.86,10.32,10.17,80291.72,-0.51,-4.71,10.558,10.727,10.52,79925.89,114081.27,108204.96,5.49
2015-05-04,10.51,11.06,10.83,10.51,68722.2,0.34,3.24,10.726,10.691,10.518,89086.87,116472.27,110146.12,4.7
2015-04-30,10.64,11.0,10.49,10.46,69251.18,-0.11,-1.04,10.752,10.628,10.487,104893.15,118242.51,113701.92,4.74
2015-04-29,10.49,10.73,10.6,10.32,55773.36,0.05,0.47,10.898,10.595,10.465,135122.17,118271.11,117845.1,3.81
2015-04-28,11.08,11.08,10.55,10.18,125590.98,-0.61,-5.47,10.96,10.543,10.42,161299.83,122374.63,120940.59,8.59
2015-04-27,11.05,11.44,11.16,11.02,126096.63,0.2,1.82,10.896,10.544,10.413,148236.65,119924.1,120695.83,8.62
2015-04-24,11.0,11.17,10.96,10.8,147753.62,-0.26,-2.32,10.656,10.508,10.371,143857.67,120473.41,120395.79,10.1
2015-04-23,10.81,11.58,11.22,10.75,220396.27,0.31,2.84,10.504,10.45,10.336,131591.87,114215.66,118786.5,15.07
2015-04-22,10.29,10.99,10.91,10.25,186661.66,0.68,6.65,10.292,10.33,10.281,101420.05,102560.14,112435.89,12.76
2015-04-21,9.98,10.27,10.23,9.96,60275.08,0.27,2.71,10.126,10.272,10.239,83449.43,95123.63,107487.51,4.12
2015-04-20,10.2,10.38,9.96,9.93,104201.71,-0.24,-2.35,10.192,10.312,10.24,91611.56,102328.64,110859.82,7.13
2015-04-17,10.21,10.44,10.2,10.16,86424.63,0.04,0.39,10.36,10.344,10.262,97089.15,103819.97,111371.99,5.91
2015-04-16,9.92,10.32,10.16,9.78,69537.19,0.08,0.79,10.396,10.345,10.267,96839.45,109161.33,113450.93,4.76
2015-04-15,10.2,10.37,10.08,9.99,96808.55,-0.48,-4.54,10.368,10.334,10.276,103700.22,117419.08,117443.09,6.62
2015-04-14,10.8,10.8,10.56,10.44,101085.7,-0.24,-2.22,10.418,10.296,10.296,106797.83,119506.55,119506.55,6.91
2015-04-13,10.48,10.85,10.8,10.41,131589.69,0.42,4.05,10.432,10.267,10.267,113045.73,121553.31,121553.31,9.0
2015-04-10,10.0,10.48,10.38,9.92,85176.13,0.36,3.59,10.328,10.2,10.2,110550.79,120298.76,120298.76,5.82
2015-04-09,10.28,10.33,10.02,9.64,103841.02,-0.31,-3.0,10.294,10.174,10.174,121483.21,125316.28,125316.28,7.1
2015-04-08,10.63,10.7,10.33,10.2,112296.6,-0.3,-2.82,10.3,10.2,10.2,131137.95,128895.49,128895.49,7.68
2015-04-07,10.3,10.7,10.63,10.3,132325.2,0.35,3.4,10.174,10.174,10.174,132215.26,132215.26,132215.26,9.05
2015-04-03,10.2,10.39,10.28,10.05,119115.0,0.07,0.69,10.06,10.06,10.06,132187.78,132187.78,132187.78,8.15
2015-04-02,10.05,10.21,10.21,9.91,139838.22,0.16,1.59,9.987,9.987,9.987,136545.37,136545.37,136545.37,9.56
2015-04-01,9.66,10.22,10.05,9.66,152114.73,0.35,3.61,9.875,9.875,9.875,134898.95,134898.95,134898.95,10.4
2015-03-31,9.91,9.99,9.7,9.65,117683.16,-0.21,-2.12,9.7,9.7,9.7,117683.16,117683.16,117683.16,8.05
