date,open,high,close,low,volume,price_change,p_change,ma5,ma10,ma20,v_ma5,v_ma10,v_ma20,turnover
2018-03-29,5.94,6.1,6.1,5.94,107859.86,0.17,2.87,5.81,5.839,5.846,92336.19,71422.56,60785.84,1.21
2018-03-28,5.83,6.05,5.93,5.8,96359.66,0.03,0.51,5.776,5.804,5.829,82147.42,67598.56,58021.15,1.08
2018-03-27,5.68,5.93,5.9,5.65,82144.17,0.27,4.8,5.768,5.803,5.816,79974.24,62128.71,55586.72,0.92
2018-03-26,5.38,5.65,5.63,5.38,58165.26,0.14,2.55,5.764,5.805,5.804,71884.41,59850.44,54130.6,0.65
2018-03-23,5.8,5.8,5.49,5.42,117152.02,-0.44,-7.42,5.808,5.836,5.803,66718.9,59632.24,54171.57,1.31
2018-03-22,5.9,6.0,5.93,5.88,56916.01,0.04,0.68,5.868,5.874,5.803,50508.93,51787.76,50039.66,0.64
2018-03-21,5.92,6.04,5.89,5.86,85493.74,0.01,0.17,5.832,5.863,5.779,53049.7,48838.88,48889.03,0.96
2018-03-20,5.8,5.9,5.88,5.75,41695.03,0.03,0.51,5.838,5.852,5.752,44283.17,43974.9,45988.69,0.47
2018-03-19,5.79,5.87,5.85,5.75,32337.71,0.06,1.04,5.846,5.853,5.725,47816.48,45461.22,46041.51,0.36
2018-03-16,5.72,5.82,5.79,5.72,36102.16,0.04,0.7,5.864,5.859,5.697,52545.59,48826.22,46228.92,0.4
2018-03-15,5.9,5.91,5.75,5.68,69619.84,-0.17,-2.87,5.88,5.852,5.664,53066.59,50149.11,47579.33,0.78
2018-03-14,5.9,5.99,5.92,5.86,41661.13,0.0,0.0,5.894,5.853,5.643,44628.07,48443.74,46025.69,0.47
2018-03-13,5.94,6.05,5.92,5.91,59361.54,-0.02,-0.34,5.866,5.828,5.611,43666.63,49044.73,46458.98,0.67
2018-03-12,5.92,5.97,5.94,5.88,55983.26,0.07,1.19,5.86,5.803,5.575,43105.97,48410.76,47157.63,0.63
2018-03-09,5.82,5.89,5.87,5.78,38707.16,0.05,0.86,5.854,5.77,5.555,45106.86,48710.89,46488.48,0.43
2018-03-08,5.76,5.85,5.82,5.75,27427.27,0.04,0.69,5.824,5.732,5.541,47231.64,48291.57,47412.36,0.31
2018-03-07,5.9,5.92,5.78,5.77,36853.92,-0.11,-1.87,5.812,5.695,5.527,52259.4,48939.17,50948.1,0.41
2018-03-06,5.92,5.96,5.89,5.81,56558.22,-0.02,-0.34,5.79,5.652,5.537,54422.84,48002.48,53047.37,0.63
2018-03-05,5.73,5.95,5.91,5.72,65987.72,0.19,3.32,5.746,5.597,5.549,53715.55,46621.8,52132.61,0.74
2018-03-02,5.73,5.83,5.72,5.7,49331.08,-0.04,-0.69,5.686,5.534,5.561,52314.93,43631.61,51414.24,0.55
2018-03-01,5.66,5.77,5.76,5.63,52566.07,0.09,1.59,5.64,5.476,5.589,49351.5,45009.54,50854.49,0.59
2018-02-28,5.63,5.75,5.67,5.59,47671.09,0.0,0.0,5.578,5.433,5.618,45618.95,43607.64,50809.16,0.53
2018-02-27,5.64,5.69,5.67,5.59,53021.81,0.06,1.07,5.514,5.393,5.65,41582.13,43873.24,51612.16,0.59
2018-02-26,5.5,5.63,5.61,5.47,58984.59,0.12,2.19,5.448,5.347,5.685,39528.04,45904.5,54590.47,0.66
2018-02-23,5.46,5.5,5.49,5.4,34513.94,0.04,0.73,5.382,5.339,5.715,34948.29,44266.07,54412.82,0.39
2018-02-22,5.36,5.46,5.45,5.36,33903.3,0.1,1.87,5.312,5.35,5.75,40667.59,46533.14,54811.98,0.38
2018-02-14,5.34,5.36,5.35,5.28,27487.01,0.01,0.19,5.288,5.359,5.786,41596.33,52957.02,55068.41,0.31
2018-02-13,5.28,5.37,5.34,5.28,42751.35,0.06,1.14,5.272,5.421,5.827,46164.34,58092.26,56758.12,0.48
2018-02-12,5.18,5.31,5.28,5.15,36085.86,0.14,2.72,5.246,5.5,5.871,52280.96,57643.43,56971.0,0.4
2018-02-09,5.16,5.24,5.14,5.09,63110.41,-0.19,-3.56,5.296,5.588,5.918,53583.85,59196.88,57995.14,0.71
2018-02-08,5.27,5.37,5.33,5.23,38547.0,0.06,1.14,5.388,5.702,5.979,52398.69,56699.44,57382.36,0.43
2018-02-07,5.28,5.33,5.27,5.12,50327.09,0.06,1.15,5.43,5.802,6.03,64317.72,58010.68,57560.02,0.56
2018-02-06,5.46,5.46,5.21,5.21,73334.46,-0.32,-5.79,5.57,5.907,6.081,70020.18,59351.09,57753.8,0.82
2018-02-05,5.55,5.58,5.53,5.51,42600.3,-0.07,-1.25,5.754,6.022,6.14,63005.9,63276.44,57110.22,0.48
2018-02-02,5.44,5.62,5.6,5.42,57184.62,0.06,1.08,5.88,6.091,6.187,64809.9,64559.57,57846.34,0.64
2018-02-01,5.98,6.0,5.54,5.52,98142.11,-0.43,-7.2,6.016,6.15,6.228,61000.18,63090.83,57594.46,1.1
2018-01-31,6.14,6.14,5.97,5.96,78839.4,-0.16,-2.61,6.174,6.212,6.27,51703.64,57179.81,55611.55,0.88
2018-01-30,6.15,6.2,6.13,6.11,38263.05,-0.03,-0.49,6.244,6.232,6.293,48681.99,55423.98,55146.07,0.43
2018-01-29,6.28,6.29,6.16,6.16,51620.34,-0.12,-1.91,6.29,6.241,6.303,63546.99,56298.58,56322.51,0.58
2018-01-26,6.33,6.34,6.28,6.27,38136.01,-0.05,-0.79,6.302,6.248,6.311,64309.23,56793.39,55872.56,0.43
2018-01-25,6.32,6.42,6.33,6.32,51659.4,0.01,0.16,6.284,6.256,6.311,65181.47,58065.28,56216.55,0.58
2018-01-24,6.27,6.34,6.32,6.24,63731.17,-0.04,-0.63,6.25,6.257,6.308,62655.97,57109.35,56151.24,0.71
2018-01-23,6.31,6.47,6.36,6.31,112588.02,0.14,2.25,6.22,6.255,6.307,62165.97,56156.5,54703.88,1.26
2018-01-22,6.2,6.25,6.22,6.01,55431.54,0.03,0.48,6.192,6.258,6.304,49050.16,50944.0,52246.48,0.62
2018-01-19,6.16,6.26,6.19,6.15,42497.23,0.03,0.49,6.194,6.283,6.313,49277.56,51133.12,53842.14,0.48
2018-01-18,6.17,6.2,6.16,6.15,39031.89,-0.01,-0.16,6.228,6.305,6.319,50949.09,52098.1,55874.49,0.44
2018-01-17,6.22,6.24,6.17,6.1,61281.15,-0.05,-0.8,6.264,6.327,6.32,51562.73,54043.29,59655.75,0.69
2018-01-16,6.21,6.27,6.22,6.19,47009.0,-0.01,-0.16,6.29,6.353,6.333,50147.04,54868.16,60126.24,0.53
2018-01-15,6.36,6.36,6.23,6.21,56568.51,-0.13,-2.04,6.324,6.365,6.344,52837.83,56346.45,64202.26,0.63
2018-01-12,6.34,6.46,6.36,6.34,50854.92,0.02,0.32,6.372,6.374,6.362,52988.68,54951.73,74686.32,0.57
2018-01-11,6.3,6.35,6.34,6.26,42100.09,0.04,0.64,6.382,6.365,6.398,53247.1,54367.82,88238.25,0.47
2018-01-10,6.39,6.41,6.3,6.29,54202.7,-0.09,-1.41,6.39,6.359,6.454,56523.84,55193.13,90580.84,0.61
2018-01-09,6.46,6.46,6.39,6.37,60462.94,-0.08,-1.24,6.416,6.359,6.519,59589.27,53251.26,92378.32,0.68
2018-01-08,6.41,6.47,6.47,6.38,57322.76,0.06,0.94,6.406,6.35,6.577,59855.06,53548.96,94642.74,0.64
2018-01-05,6.38,6.42,6.41,6.35,52147.0,0.03,0.47,6.376,6.343,6.633,56914.79,56551.16,99948.89,0.58
2018-01-04,6.43,6.43,6.38,6.37,58483.81,-0.05,-0.78,6.348,6.332,6.688,55488.54,59650.87,107989.88,0.66
2018-01-03,6.34,6.44,6.43,6.32,69529.84,0.09,1.42,6.328,6.313,6.737,53862.41,65268.2,108620.61,0.78
2018-01-02,6.32,6.36,6.34,6.29,61791.91,0.02,0.32,6.302,6.313,6.783,46913.25,65384.33,110186.13,0.69
2017-12-29,6.27,6.34,6.32,6.24,42621.37,0.05,0.8,6.294,6.322,6.822,47242.86,72058.08,111612.5,0.48
2017-12-28,6.28,6.32,6.27,6.21,45015.76,-0.01,-0.16,6.31,6.35,6.871,56187.54,94420.9,113135.6,0.5
2017-12-27,6.31,6.36,6.28,6.28,50353.17,-0.02,-0.32,6.316,6.431,6.925,63813.21,122108.69,114498.22,0.56
2017-12-26,6.27,6.31,6.3,6.24,34784.02,0.0,0.0,6.298,6.548,6.978,76674.0,125968.54,115369.25,0.39
2017-12-25,6.41,6.42,6.3,6.25,63439.99,-0.1,-1.56,6.324,6.678,7.03,83855.42,131505.38,117800.17,0.71
2017-12-22,6.27,6.48,6.4,6.23,87344.77,0.1,1.59,6.35,6.804,7.083,96873.3,135736.52,122713.54,0.98
2017-12-21,6.26,6.33,6.3,6.26,83144.1,0.11,1.78,6.39,6.923,7.124,132654.25,143346.62,120607.02,0.93
2017-12-20,6.4,6.45,6.19,6.17,114657.1,-0.24,-3.73,6.546,7.044,7.17,180404.17,156328.89,119313.92,1.29
2017-12-19,6.45,6.49,6.43,6.42,70691.12,0.0,0.0,6.798,7.16,7.227,175263.09,151973.02,118372.6,0.79
2017-12-18,6.5,6.57,6.43,6.37,128529.4,-0.17,-2.58,7.032,7.252,7.267,179155.35,154987.92,118347.16,1.44
2017-12-15,6.93,6.96,6.6,6.53,266249.53,-0.48,-6.78,7.258,7.322,7.304,174599.73,151166.92,115259.48,2.98
2017-12-14,7.45,7.78,7.08,7.01,321893.69,-0.37,-4.97,7.456,7.391,7.338,154038.98,131850.31,106040.65,3.61
2017-08-22,7.6,7.63,7.45,7.41,88951.72,-0.15,-1.97,7.542,7.418,7.343,132253.6,106887.74,93201.48,1.0
2017-08-21,7.57,7.64,7.6,7.54,90152.39,0.04,0.53,7.522,7.407,7.333,128682.96,104769.96,95542.74,1.01
2017-08-18,7.56,7.64,7.56,7.5,105751.34,-0.03,-0.4,7.472,7.382,7.311,130820.5,104094.97,94453.7,1.19
2017-08-17,7.48,7.67,7.59,7.46,163445.77,0.08,1.06,7.386,7.362,7.289,127734.1,109690.56,91325.53,1.83
2017-08-16,7.36,7.63,7.51,7.3,212966.8,0.16,2.18,7.326,7.325,7.269,109661.64,97867.43,85404.38,2.39
2017-08-15,7.32,7.42,7.35,7.31,71098.48,0.0,0.0,7.294,7.296,7.25,81521.88,82298.96,77324.1,0.8
2017-08-14,7.09,7.37,7.35,7.09,100840.12,0.22,3.09,7.292,7.293,7.234,80856.96,84772.17,76148.88,1.13
2017-08-11,7.22,7.3,7.13,7.06,90319.33,-0.16,-2.19,7.292,7.281,7.215,77369.43,81706.39,76110.56,1.01
2017-08-10,7.36,7.42,7.29,7.21,73083.48,-0.06,-0.82,7.338,7.286,7.226,91647.03,79352.05,73346.22,0.82
2017-08-09,7.36,7.45,7.35,7.33,72267.99,0.01,0.14,7.324,7.284,7.233,86073.21,80230.99,71960.83,0.81
2017-08-08,7.37,7.38,7.34,7.31,67773.86,-0.01,-0.14,7.298,7.267,7.236,83076.04,79515.23,71240.02,0.76
2017-08-07,7.33,7.38,7.35,7.27,83402.48,-0.01,-0.14,7.294,7.258,7.243,88687.38,86315.53,70673.19,0.93
2017-08-04,7.22,7.49,7.36,7.13,161707.33,0.14,1.94,7.27,7.239,7.255,86043.34,84812.43,69521.32,1.81
2017-08-03,7.2,7.29,7.22,7.2,45214.4,0.0,0.0,7.234,7.216,7.266,67057.06,72960.49,64670.3,0.51
2017-08-02,7.32,7.33,7.22,7.22,57282.11,-0.1,-1.37,7.244,7.213,7.286,74388.76,72941.33,65769.62,0.64
2017-08-01,7.25,7.37,7.32,7.21,95830.57,0.09,1.25,7.236,7.203,7.309,75954.42,72349.24,66735.25,1.07
2017-07-31,7.18,7.27,7.23,7.15,70182.31,0.05,0.7,7.222,7.175,7.325,83943.68,67525.6,64736.63,0.79
2017-07-28,7.23,7.28,7.18,7.18,66775.92,-0.09,-1.24,7.208,7.148,7.342,83581.52,70514.74,63468.48,0.75
2017-07-27,7.18,7.31,7.27,7.1,81872.91,0.09,1.25,7.198,7.166,7.362,78863.91,67340.39,62445.76,0.92
2017-07-26,7.21,7.25,7.18,7.12,65110.38,-0.07,-0.97,7.182,7.182,7.379,71493.89,63690.67,60520.26,0.73
2017-07-25,7.21,7.37,7.25,7.2,135776.88,0.09,1.26,7.17,7.204,7.4,68744.07,62964.81,60071.64,1.52
2017-07-24,7.11,7.21,7.16,7.1,68371.52,0.03,0.42,7.128,7.227,7.418,51107.53,55030.84,57711.72,0.77
2017-07-21,7.18,7.19,7.13,7.11,43187.87,-0.06,-0.83,7.088,7.271,7.441,57447.96,54230.22,60217.38,0.48
2017-07-20,7.12,7.23,7.19,7.09,45022.82,0.07,0.98,7.134,7.316,7.453,55816.87,56380.11,60970.19,0.5
2017-07-19,7.04,7.14,7.12,6.97,51361.25,0.08,1.14,7.182,7.358,7.463,55887.44,58597.91,61942.0,0.58
2017-07-18,6.96,7.05,7.04,6.92,47594.17,0.08,1.15,7.238,7.414,7.483,57185.54,61121.25,63515.28,0.53
2017-07-17,7.35,7.35,6.96,6.96,100073.69,-0.4,-5.43,7.326,7.474,7.503,58954.16,61947.65,64000.1,1.12
2017-07-14,7.4,7.44,7.36,7.35,35032.41,-0.04,-0.54,7.454,7.536,7.528,51012.47,56422.21,61657.56,0.39
2017-07-13,7.41,7.46,7.43,7.36,45375.7,0.03,0.41,7.498,7.557,7.53,56943.35,57551.13,62835.81,0.51
2017-07-12,7.46,7.5,7.4,7.35,57851.75,-0.08,-1.07,7.534,7.575,7.531,61308.39,57349.85,65078.69,0.65
2017-07-11,7.58,7.6,7.48,7.48,56437.26,-0.12,-1.58,7.59,7.595,7.527,65056.97,57178.48,64669.6,0.63
2017-07-10,7.58,7.64,7.6,7.56,60365.23,0.02,0.26,7.622,7.609,7.517,64941.14,60392.59,63732.7,0.68
2017-07-07,7.6,7.62,7.58,7.54,64686.82,-0.03,-0.39,7.618,7.61,7.495,61831.95,66204.55,63119.67,0.72
2017-07-06,7.64,7.7,7.61,7.56,67200.87,-0.07,-0.91,7.616,7.589,7.484,58158.9,65560.27,62237.96,0.75
2017-07-05,7.62,7.82,7.68,7.59,76594.65,0.04,0.52,7.616,7.568,7.473,53391.3,65286.08,61181.74,0.86
2017-07-04,7.59,7.65,7.64,7.55,55858.15,0.06,0.79,7.6,7.551,7.463,49300.0,65909.3,60312.12,0.63
2017-07-03,7.59,7.6,7.58,7.52,44819.25,0.01,0.13,7.596,7.531,7.449,55844.03,66052.55,58879.6,0.5
2017-06-30,7.57,7.59,7.57,7.51,46321.58,-0.04,-0.53,7.602,7.52,7.436,70577.16,66892.91,58702.75,0.52
2017-06-29,7.64,7.64,7.61,7.55,43362.89,0.01,0.13,7.562,7.502,7.421,72961.65,68120.5,58598.77,0.49
2017-06-28,7.61,7.68,7.6,7.56,56138.13,-0.02,-0.26,7.52,7.487,7.396,77180.85,72807.53,58352.77,0.63
2017-06-27,7.59,7.69,7.62,7.54,88578.32,0.01,0.13,7.502,7.458,7.377,82518.6,72160.72,57497.19,0.99
2017-06-26,7.35,7.66,7.61,7.35,118484.87,0.24,3.26,7.466,7.425,7.36,76261.07,67072.81,55590.99,1.33
2017-06-23,7.38,7.44,7.37,7.29,58244.03,-0.03,-0.41,7.438,7.38,7.34,63208.66,60034.79,52838.81,0.65
2017-06-22,7.51,7.57,7.4,7.4,64458.9,-0.11,-1.47,7.442,7.379,7.325,63279.35,58915.65,52549.6,0.72
2017-06-21,7.48,7.62,7.51,7.45,82826.87,0.07,0.94,7.454,7.378,7.307,68434.21,57077.4,52926.09,0.93
2017-06-20,7.47,7.51,7.44,7.42,57290.68,-0.03,-0.4,7.414,7.374,7.293,61802.85,54714.95,51250.16,0.64
2017-06-19,7.38,7.48,7.47,7.38,53222.84,0.08,1.08,7.384,7.366,7.29,57884.54,51706.64,49787.81,0.6
2017-06-16,7.43,7.44,7.39,7.36,58597.46,-0.07,-0.94,7.322,7.352,7.286,56860.92,50512.6,50621.47,0.66
2017-06-15,7.29,7.53,7.46,7.29,90233.2,0.15,2.05,7.316,7.339,7.285,54551.96,49077.04,51033.65,1.01
2017-06-14,7.3,7.34,7.31,7.25,49670.06,0.02,0.27,7.302,7.304,7.278,45720.58,43898.0,49702.36,0.56
2017-06-13,7.15,7.3,7.29,7.15,37699.15,0.13,1.82,7.334,7.296,7.269,47627.05,42833.66,48753.89,0.42
2017-06-12,7.33,7.35,7.16,7.14,48104.74,-0.2,-2.72,7.348,7.295,7.262,45528.75,44109.18,49830.46,0.54
2017-06-09,7.39,7.42,7.36,7.3,47052.63,-0.03,-0.41,7.382,7.299,7.266,44164.27,45642.83,52768.12,0.53
2017-06-08,7.48,7.48,7.39,7.37,46076.33,-0.08,-1.07,7.362,7.271,7.267,43602.11,46183.55,53513.88,0.52
2017-06-07,7.35,7.48,7.47,7.33,59202.4,0.11,1.5,7.306,7.236,7.28,42075.42,48774.78,54068.11,0.66
2017-06-06,7.33,7.38,7.36,7.28,27207.63,0.03,0.41,7.258,7.212,7.286,38040.27,47785.38,54792.59,0.31
2017-06-05,7.26,7.38,7.33,7.25,41282.36,0.07,0.96,7.242,7.214,7.309,42689.62,47868.97,56053.37,0.46
2017-06-02,7.11,7.28,7.26,7.04,44241.85,0.15,2.11,7.216,7.219,7.337,47121.39,50730.35,56738.42,0.5
2017-06-01,7.22,7.28,7.11,7.1,38442.87,-0.12,-1.66,7.18,7.231,7.37,48764.99,52990.26,57266.97,0.43
2017-05-31,7.34,7.39,7.23,7.23,39026.62,-0.05,-0.69,7.166,7.251,7.407,55474.13,55506.72,57625.25,0.44
2017-05-26,7.21,7.34,7.28,7.18,50454.4,0.08,1.11,7.166,7.242,7.442,57530.49,54674.12,58904.96,0.57
2017-05-25,7.03,7.23,7.2,7.03,63441.2,0.12,1.7,7.186,7.228,7.472,53048.32,55551.74,63777.62,0.71
2017-05-24,7.03,7.15,7.08,6.9,52459.87,0.04,0.57,7.222,7.232,7.514,54339.32,59893.42,62860.33,0.59
2017-05-23,7.23,7.23,7.04,7.03,71988.58,-0.19,-2.63,7.282,7.263,7.561,57215.53,60844.2,62918.02,0.81
2017-05-22,7.37,7.42,7.23,7.18,49308.4,-0.15,-2.03,7.336,7.324,7.61,55539.31,59361.45,62645.89,0.55
2017-05-19,7.36,7.41,7.38,7.35,28043.56,0.0,0.0,7.318,7.359,7.659,51817.76,61799.8,63647.75,0.31
2017-05-18,7.24,7.44,7.38,7.24,69896.17,0.0,0.0,7.27,7.403,7.705,58055.17,64237.76,65301.2,0.78
2017-05-17,7.29,7.45,7.38,7.28,66840.95,0.07,0.96,7.242,7.455,7.753,65447.52,62746.49,66582.78,0.75
2017-05-16,7.14,7.33,7.31,7.06,63607.47,0.17,2.38,7.244,7.509,7.807,64472.87,61543.68,68053.27,0.71
2017-05-15,7.17,7.2,7.14,7.14,30700.63,0.0,0.0,7.312,7.563,7.873,63183.58,59743.77,69828.56,0.34
2017-05-12,7.24,7.24,7.14,7.01,59230.61,-0.1,-1.38,7.4,7.642,7.959,71781.84,63135.8,72586.57,0.66
2017-05-11,7.39,7.39,7.24,6.98,106857.93,-0.15,-2.03,7.536,7.716,8.05,70420.36,72003.49,73785.5,1.2
2017-05-10,7.62,7.72,7.39,7.39,61967.71,-0.26,-3.4,7.668,7.796,8.135,60045.46,65827.24,75564.07,0.7
2017-05-09,7.52,7.74,7.65,7.44,57161.04,0.07,0.92,7.774,7.859,8.221,58614.49,64991.84,83703.22,0.64
2017-05-08,7.83,7.84,7.58,7.58,73691.93,-0.24,-3.07,7.814,7.896,8.284,56303.95,65930.34,87803.19,0.83
2017-05-05,7.9,7.93,7.82,7.79,52423.18,-0.08,-1.01,7.884,7.959,8.346,54489.76,65495.71,88153.96,0.59
2017-05-04,7.86,7.97,7.9,7.83,54983.44,-0.02,-0.25,7.896,8.007,8.395,73586.63,66364.64,89860.41,0.62
2017-05-03,7.86,7.93,7.92,7.81,54812.87,0.07,0.89,7.924,8.051,8.442,71609.02,70419.07,92045.47,0.61
2017-05-02,7.91,7.96,7.85,7.83,45608.34,-0.08,-1.01,7.944,8.105,8.479,71369.2,74562.86,92877.88,0.51
2017-04-28,7.84,7.94,7.93,7.79,64620.98,0.05,0.64,7.978,8.183,8.518,75556.73,79913.35,95211.86,0.72
2017-04-27,8.0,8.02,7.88,7.67,147907.52,-0.16,-1.99,8.034,8.276,8.552,76501.66,82037.34,95824.81,1.66
2017-04-26,8.03,8.08,8.04,8.01,45095.39,0.02,0.25,8.118,8.383,8.595,59142.65,75567.51,91470.17,0.51
2017-04-25,8.0,8.11,8.02,8.0,53613.75,0.0,0.0,8.178,8.473,8.631,69229.11,85300.9,93245.89,0.6
2017-04-24,8.22,8.23,8.02,8.01,66546.0,-0.19,-2.31,8.266,8.582,8.672,77756.51,102414.59,95716.31,0.75
2017-04-21,8.3,8.33,8.21,8.18,69345.62,-0.09,-1.08,8.388,8.672,8.705,84269.98,109676.04,96976.52,0.78
2017-04-20,8.34,8.36,8.3,8.21,61112.5,-0.04,-0.48,8.518,8.733,8.729,87573.03,110812.2,100835.37,0.69
2017-04-19,8.48,8.5,8.34,8.22,95527.69,-0.12,-1.42,8.648,8.783,8.756,91992.37,113356.18,103416.3,1.07
2017-04-18,8.63,8.69,8.46,8.46,96250.76,-0.17,-1.97,8.768,8.833,8.786,101372.69,113671.88,102229.43,1.08
2017-04-17,8.84,8.85,8.63,8.59,99113.31,-0.23,-2.6,8.898,8.852,8.81,127072.66,111192.91,101006.74,1.11
2017-04-14,8.91,8.98,8.86,8.83,85860.89,-0.09,-1.01,8.956,8.852,8.829,135082.11,110510.37,98859.63,0.96
2017-04-13,8.96,8.98,8.95,8.85,83209.18,0.01,0.11,8.948,8.828,8.832,134051.37,109612.28,97459.06,0.93
2017-04-12,9.11,9.14,8.94,8.94,142429.33,-0.17,-1.87,8.918,8.806,8.831,134719.98,107372.84,96891.89,1.6
2017-04-11,8.93,9.11,9.11,8.81,224750.59,0.19,2.13,8.898,8.789,8.836,125971.06,101190.87,92759.0,2.52
2017-04-10,8.8,8.98,8.92,8.8,139160.55,0.1,1.13,8.806,8.761,8.83,95313.15,89018.04,86260.9,1.56
2017-04-07,8.8,8.86,8.82,8.76,80707.21,0.02,0.23,8.748,8.738,8.838,85938.64,84277.01,82386.13,0.91
2017-04-06,8.88,8.89,8.8,8.77,86552.24,-0.04,-0.45,8.708,8.724,8.856,85173.19,90858.55,82220.16,0.97
2017-04-05,8.65,8.86,8.84,8.63,98684.71,0.19,2.2,8.694,8.729,8.881,80025.7,93476.43,83168.72,1.11
2017-03-31,8.63,8.72,8.65,8.61,71461.06,0.02,0.23,8.68,8.738,8.901,76410.69,90786.99,82986.09,0.8
2017-03-30,8.62,8.69,8.63,8.59,92287.97,0.01,0.12,8.716,8.767,8.926,82722.92,90820.57,85749.3,1.04
2017-03-29,8.73,8.77,8.62,8.61,76879.98,-0.11,-1.26,8.728,8.806,8.95,82615.37,87208.9,85506.44,0.86
2017-03-28,8.76,8.82,8.73,8.73,60814.76,-0.04,-0.46,8.74,8.835,8.975,96543.9,85305.83,86085.46,0.68
2017-03-27,8.84,8.85,8.77,8.75,80609.67,-0.06,-0.68,8.764,8.856,8.993,106927.15,86410.94,85666.49,0.9
2017-03-24,8.68,8.84,8.83,8.66,103022.21,0.14,1.61,8.796,8.882,9.009,105163.29,84327.13,84963.12,1.16
2017-03-23,8.68,8.76,8.69,8.6,91750.24,0.01,0.12,8.818,8.898,9.028,98918.23,83503.77,83661.74,1.03
2017-03-22,8.79,8.83,8.68,8.65,146522.61,-0.17,-1.92,8.884,8.938,9.05,91802.42,80495.25,82834.13,1.64
2017-03-21,8.94,8.94,8.85,8.8,112731.04,-0.08,-0.9,8.93,8.988,9.079,74067.76,73581.77,79447.56,1.26
2017-03-20,8.98,8.98,8.93,8.88,71790.36,-0.01,-0.11,8.948,9.033,9.096,65894.72,72861.02,77280.45,0.81
2017-03-17,9.03,9.08,8.94,8.94,71796.89,-0.08,-0.89,8.968,9.063,9.107,63490.96,75185.2,76720.62,0.81
2017-03-16,8.9,9.04,9.02,8.9,56171.21,0.11,1.24,8.978,9.085,9.112,68089.3,80678.03,76102.41,0.63
2017-03-15,8.95,9.0,8.91,8.91,57849.32,-0.03,-0.34,8.992,9.094,9.118,69188.07,83803.97,76184.09,0.65
2017-03-14,9.05,9.06,8.94,8.92,71865.8,-0.09,-1.0,9.046,9.114,9.127,73095.77,86865.08,77110.7,0.81
2017-03-13,9.02,9.06,9.03,8.88,59771.6,0.04,0.45,9.118,9.13,9.14,79827.32,84922.04,76060.68,0.67
2017-03-10,9.07,9.1,8.99,8.96,94788.59,-0.1,-1.1,9.158,9.136,9.151,86879.43,85599.12,76920.46,1.06
2017-03-09,9.18,9.19,9.09,9.08,61665.06,-0.09,-0.98,9.192,9.157,9.162,93266.76,83819.71,77236.04,0.69
2017-03-08,9.29,9.29,9.18,9.16,77387.8,-0.12,-1.29,9.196,9.162,9.173,98419.87,85173.01,80755.36,0.87
2017-03-07,9.2,9.3,9.3,9.2,105523.57,0.07,0.76,9.182,9.169,9.18,100634.39,85313.35,88360.24,1.18
2017-03-06,9.16,9.23,9.23,9.1,95032.15,0.07,0.76,9.142,9.158,9.159,90016.76,81699.88,85657.73,1.07
2017-03-03,9.1,9.22,9.16,9.05,126725.23,0.05,0.55,9.114,9.151,9.145,84318.8,78256.04,82941.02,1.42
2017-03-02,9.1,9.14,9.11,9.03,87430.62,0.0,0.0,9.122,9.139,9.131,74372.67,71526.78,78266.53,0.98
2017-03-01,9.06,9.12,9.11,9.03,88460.39,0.01,0.11,9.128,9.142,9.119,71926.14,68564.21,75626.86,0.99
2017-02-28,9.09,9.12,9.1,9.05,52435.42,0.01,0.11,9.156,9.14,9.106,69992.31,67356.31,73471.08,0.59
2017-02-27,9.2,9.24,9.09,9.06,66542.33,-0.11,-1.2,9.174,9.15,9.093,73383.0,67199.32,72646.16,0.75
2017-02-24,9.13,9.21,9.2,9.11,76994.57,0.06,0.66,9.188,9.166,9.079,72193.28,68241.8,71488.27,0.86
2017-02-23,9.25,9.25,9.14,9.09,75198.0,-0.11,-1.19,9.156,9.166,9.056,68680.9,70652.38,70551.66,0.84
2017-02-22,9.18,9.27,9.25,9.16,78791.22,0.06,0.65,9.156,9.183,9.031,65202.29,76337.72,68937.65,0.88
2017-02-21,9.18,9.22,9.19,9.15,69388.87,0.03,0.33,9.124,9.19,8.999,64720.31,91407.12,66971.16,0.78
2017-02-20,9.04,9.16,9.16,9.03,60593.75,0.12,1.33,9.126,9.159,8.971,61015.63,89615.57,66452.39,0.68
2017-02-17,9.14,9.17,9.04,9.03,59432.66,-0.1,-1.09,9.144,9.139,8.941,64290.32,87626.01,70291.18,0.67
2017-02-16,9.07,9.24,9.14,9.05,57804.93,0.05,0.55,9.176,9.123,8.938,72623.85,85006.27,71015.21,0.65
2017-02-15,9.18,9.23,9.09,9.07,76381.35,-0.11,-1.2,9.21,9.096,8.936,87473.15,82689.51,74126.67,0.86
2017-02-14,9.25,9.29,9.2,9.17,50865.47,-0.05,-0.54,9.256,9.071,8.948,118093.93,79585.85,75377.58,0.57
2017-02-13,9.19,9.32,9.25,9.16,76967.19,0.05,0.54,9.192,9.035,8.964,118215.51,78093.0,79886.37,0.86
2017-02-10,9.27,9.31,9.2,9.16,101100.31,-0.11,-1.18,9.134,8.992,8.979,110961.7,74734.73,79999.78,1.13
2017-02-09,9.25,9.47,9.31,9.2,132051.41,-0.01,-0.11,9.07,8.946,8.997,97388.69,70450.94,80237.32,1.48
2017-02-08,8.87,9.77,9.32,8.78,229485.28,0.44,4.96,8.982,8.878,9.006,77905.88,61537.58,78333.82,2.57
2017-02-07,8.92,8.96,8.88,8.85,51473.35,-0.08,-0.89,8.886,8.807,9.013,41077.77,42535.19,70194.6,0.58
2017-02-06,8.88,8.98,8.96,8.83,40698.14,0.08,0.9,8.878,8.783,9.041,37970.5,43289.21,70376.18,0.46
2017-02-03,8.89,8.92,8.88,8.71,33235.25,0.01,0.11,8.85,8.743,9.063,38507.76,52956.35,73212.37,0.37
2017-01-26,8.84,8.91,8.87,8.84,34637.37,0.03,0.34,8.822,8.753,9.084,43513.2,57024.15,73278.06,0.39
2017-01-25,8.86,8.9,8.84,8.8,45344.74,0.0,0.0,8.774,8.776,9.104,45169.27,65563.83,73513.85,0.51
2017-01-24,8.84,8.88,8.84,8.8,35937.0,0.02,0.23,8.728,8.825,9.128,43992.62,71169.31,73252.06,0.4
2017-01-23,8.88,8.89,8.82,8.81,43384.46,0.08,0.92,8.688,8.893,9.154,48607.91,81679.73,74207.93,0.49
2017-01-20,8.6,8.79,8.74,8.59,58262.44,0.11,1.27,8.636,8.966,9.18,67404.94,85264.83,74645.25,0.65
2017-01-19,8.61,8.73,8.63,8.57,42917.72,0.02,0.23,8.684,9.048,9.218,70535.09,90023.7,75164.51,0.48
2017-01-18,8.65,8.71,8.61,8.55,39461.48,-0.03,-0.35,8.778,9.133,9.259,85958.39,95130.07,75824.62,0.44
2017-01-17,8.5,8.66,8.64,8.43,59013.47,0.08,0.94,8.922,9.218,9.297,98346.0,97854.0,76106.36,0.66
2017-01-16,8.93,8.95,8.56,8.21,137369.59,-0.42,-4.68,9.098,9.299,9.337,114751.55,97463.15,76323.13,1.54
2017-01-13,9.11,9.17,8.98,8.92,73913.18,-0.12,-1.32,9.296,9.383,9.382,103124.73,93468.38,73104.42,0.83
2017-01-12,9.34,9.36,9.1,9.06,120034.21,-0.23,-2.46,9.412,9.415,9.401,109512.32,89531.98,72902.56,1.35
2017-01-11,9.47,9.54,9.33,9.31,101399.53,-0.19,-2.0,9.488,9.432,9.411,104301.75,81463.88,70935.82,1.14
2017-01-10,9.55,9.74,9.52,9.46,141041.22,-0.03,-0.31,9.514,9.43,9.414,97362.01,75334.82,69741.64,1.58
2017-01-09,9.54,9.6,9.55,9.43,79235.49,-0.01,-0.1,9.5,9.414,9.407,80174.76,66736.13,70346.44,0.89
2017-01-06,9.48,9.6,9.56,9.45,105851.14,0.08,0.84,9.47,9.394,9.42,83812.04,64025.66,72477.66,1.19
2017-01-05,9.45,9.58,9.48,9.44,93981.37,0.02,0.21,9.418,9.388,9.438,69551.65,60305.31,73957.43,1.05
2017-01-04,9.44,9.49,9.46,9.39,66700.84,0.01,0.11,9.376,9.385,9.466,58626.0,56519.17,74993.0,0.75
2017-01-03,9.41,9.48,9.45,9.39,55104.97,0.05,0.53,9.346,9.376,9.482,53307.62,54358.71,74895.2,0.62
2016-12-30,9.3,9.5,9.4,9.27,97421.89,0.1,1.07,9.328,9.374,9.5,53297.49,55183.11,76443.35,1.09
2016-12-29,9.24,9.33,9.3,9.22,34549.16,0.03,0.32,9.318,9.381,9.524,44239.28,52740.46,78326.86,0.39
2016-12-28,9.32,9.35,9.27,9.24,39353.15,-0.04,-0.43,9.358,9.387,9.563,51058.98,56273.13,81620.81,0.44
2016-12-27,9.37,9.38,9.31,9.3,40108.94,-0.05,-0.53,9.394,9.389,9.6,54412.33,60407.77,89697.47,0.45
2016-12-26,9.33,9.38,9.36,9.17,55054.33,0.01,0.11,9.406,9.398,9.64,55409.8,64148.47,95884.54,0.62
2016-12-23,9.52,9.52,9.35,9.33,52130.81,-0.15,-1.58,9.42,9.399,9.684,57068.72,73956.75,100955.43,0.58
2016-12-22,9.43,9.55,9.5,9.36,68647.66,0.05,0.53,9.444,9.445,9.732,61241.64,80929.66,107828.68,0.77
2016-12-21,9.4,9.47,9.45,9.39,56119.93,0.08,0.85,9.416,9.488,9.778,61487.29,87609.55,122114.84,0.63
2016-12-20,9.4,9.42,9.37,9.33,45096.25,-0.06,-0.64,9.384,9.546,9.833,66403.21,93466.82,134026.93,0.51
2016-12-19,9.45,9.51,9.43,9.34,63348.95,-0.04,-0.42,9.39,9.587,9.888,72887.15,95431.69,145348.27,0.71
2016-12-16,9.35,9.51,9.47,9.34,72995.42,0.11,1.18,9.378,9.626,9.923,90844.78,97703.6,146600.71,0.82
2016-12-15,9.29,9.45,9.36,9.25,69875.88,0.07,0.75,9.446,9.666,9.955,100617.67,103913.25,147464.75,0.78
2016-12-14,9.41,9.46,9.29,9.26,80699.53,-0.11,-1.17,9.56,9.738,9.998,113731.81,106968.48,149561.93,0.91
2016-12-13,9.36,9.44,9.4,9.29,77515.96,0.03,0.32,9.708,9.81,10.049,120530.44,118987.17,151377.31,0.87
2016-12-12,9.77,9.89,9.37,9.37,153137.09,-0.44,-4.49,9.784,9.882,10.094,117976.23,127620.6,152244.42,1.72
2016-12-09,9.87,9.91,9.81,9.75,121859.91,-0.12,-1.21,9.874,9.969,10.141,104562.42,127954.11,150823.64,1.37
2016-12-08,10.09,10.16,9.93,9.92,135446.55,-0.1,-1.0,9.886,10.019,10.168,107208.83,134727.7,151923.03,1.52
2016-12-07,9.8,10.04,10.03,9.79,114692.69,0.25,2.56,9.916,10.067,10.189,100205.16,156620.14,155237.31,1.29
2016-12-06,9.82,9.88,9.78,9.77,64744.93,-0.04,-0.41,9.912,10.12,10.187,117443.89,174587.04,158437.42,0.73
2016-12-05,9.71,9.91,9.82,9.7,86068.04,-0.05,-0.51,9.98,10.188,10.206,137264.97,195264.86,160416.27,0.97
2016-12-02,10.08,10.1,9.87,9.86,135091.95,-0.21,-2.08,10.064,10.22,10.22,151345.8,195497.81,160777.43,1.52
2016-12-01,10.02,10.12,10.08,10.01,100428.18,0.07,0.7,10.152,10.244,10.234,162246.57,191016.25,158134.12,1.13
2016-11-30,10.06,10.12,10.01,9.97,200886.36,-0.11,-1.09,10.218,10.258,10.24,213035.11,192155.38,158076.13,2.25
2016-11-29,10.25,10.3,10.12,10.11,163850.34,-0.12,-1.17,10.328,10.287,10.249,231730.18,183767.45,152564.58,1.84
2016-11-28,10.32,10.37,10.24,10.23,156472.17,-0.07,-0.68,10.396,10.306,10.252,253264.74,176868.23,150543.31,1.76
2016-11-25,10.41,10.5,10.31,10.12,189595.81,-0.1,-0.96,10.376,10.312,10.257,239649.83,173693.16,148737.86,2.13
2016-11-24,10.8,10.97,10.41,10.35,354370.88,-0.15,-1.42,10.336,10.316,10.262,219785.93,169118.37,146935.43,3.98
2016-11-23,10.4,10.62,10.56,10.37,294361.69,0.1,0.96,10.298,10.311,10.263,171275.64,153854.49,139313.19,3.3
2016-11-22,10.17,10.5,10.46,10.13,271523.16,0.32,3.16,10.246,10.254,10.251,135804.73,142287.8,130522.68,3.05
2016-11-21,10.06,10.16,10.14,10.06,88397.6,0.03,0.3,10.216,10.223,10.242,100471.71,125567.68,123840.08,0.99
2016-11-18,10.22,10.23,10.11,10.1,90276.32,-0.11,-1.08,10.248,10.219,10.25,107736.5,126057.05,124295.96,1.01
2016-11-17,10.18,10.28,10.22,10.14,111819.42,-0.08,-0.78,10.296,10.224,10.26,118450.8,125251.99,127181.63,1.25
2016-11-16,10.3,10.37,10.3,10.25,117007.15,-0.01,-0.1,10.324,10.222,10.272,136433.34,123996.89,129475.91,1.31
2016-11-15,10.31,10.38,10.31,10.23,94858.07,0.01,0.1,10.262,10.21,10.277,148770.87,121361.71,136260.7,1.06
2016-11-14,10.31,10.38,10.3,10.23,124721.54,-0.05,-0.48,10.23,10.198,10.284,150663.64,124218.39,137842.02,1.4
2016-11-11,10.33,10.42,10.35,10.25,143847.84,-0.01,-0.1,10.19,10.201,10.295,144377.6,123782.55,142015.1,1.61
2016-11-10,10.07,10.36,10.36,10.06,201732.08,0.37,3.7,10.152,10.207,10.311,132053.18,124752.5,153601.04,2.26
2016-11-09,10.2,10.2,9.99,9.81,178694.84,-0.16,-1.58,10.12,10.214,10.307,111560.44,124771.89,152720.92,2.0
2016-11-08,10.14,10.25,10.15,10.12,104321.92,0.05,0.49,10.158,10.248,10.326,93952.54,118757.56,153032.86,1.17
2016-11-07,10.13,10.19,10.1,10.07,93291.33,-0.06,-0.59,10.166,10.26,10.327,97773.13,122112.47,152555.25,1.05
2016-11-04,10.2,10.26,10.16,10.14,82225.74,-0.04,-0.39,10.212,10.28,10.334,103187.49,122534.87,156877.71,0.92
2016-11-03,10.16,10.28,10.2,10.12,99268.38,0.02,0.2,10.262,10.295,10.334,117451.82,129111.27,158899.68,1.11
2016-11-02,10.26,10.33,10.18,10.16,90655.32,-0.11,-1.07,10.308,10.322,10.341,137983.33,134954.93,165165.58,1.02
2016-10-28,10.3,10.35,10.19,10.18,123424.89,-0.14,-1.35,10.338,10.343,10.339,143562.59,151159.7,171360.89,1.38
2016-10-27,10.51,10.51,10.33,10.25,120363.12,-0.08,-0.77,10.354,10.37,10.347,146451.81,151465.66,189287.95,1.35
2016-10-26,10.44,10.54,10.41,10.35,153547.38,-0.02,-0.19,10.348,10.389,10.331,141882.24,160247.66,190038.09,1.72
2016-10-25,10.37,10.56,10.43,10.37,201925.94,0.1,0.97,10.328,10.414,10.312,140770.73,182449.57,191252.86,2.27
2016-10-24,10.32,10.36,10.33,10.24,118551.61,0.06,0.58,10.336,10.399,10.289,131926.54,180669.96,190859.62,1.33
2016-10-21,10.36,10.41,10.27,10.2,137871.02,-0.03,-0.29,10.348,10.404,10.255,158756.82,187308.15,188928.18,1.55
2016-10-20,10.35,10.39,10.3,10.26,97515.27,-0.01,-0.1,10.386,10.393,10.218,156479.5,182998.03,185168.33,1.09
2016-10-19,10.5,10.57,10.31,10.3,147989.81,-0.16,-1.53,10.43,10.387,10.183,178613.08,191220.56,183111.56,1.66
2016-10-18,10.34,10.49,10.47,10.25,157704.97,0.08,0.77,10.5,10.372,10.143,224128.41,188688.08,183218.56,1.77
2016-10-17,10.55,10.75,10.39,10.38,252703.03,-0.07,-0.67,10.462,10.359,10.115,229413.38,195376.22,179181.43,2.83
2016-10-14,10.53,10.56,10.46,10.35,126484.43,-0.06,-0.57,10.46,10.334,10.091,215859.48,191562.08,170085.92,1.42
2016-10-13,10.57,10.62,10.52,10.43,208183.16,-0.14,-1.31,10.4,10.324,10.065,209516.55,227110.25,169578.22,2.34
2016-10-12,10.29,10.75,10.66,10.24,375566.47,0.38,3.7,10.344,10.273,10.035,203828.04,219828.52,164473.0,4.21
2016-10-11,10.4,10.44,10.28,10.22,184129.81,-0.1,-0.96,10.244,10.209,9.991,153247.76,200056.15,148879.37,2.07
2016-10-10,10.17,10.38,10.38,10.16,184933.53,0.22,2.17,10.256,10.178,9.965,161339.06,201049.29,144886.03,2.07
2016-09-30,10.2,10.27,10.16,10.14,94769.77,-0.08,-0.78,10.208,10.106,9.938,167264.69,190548.21,139103.89,1.06
2016-09-29,10.16,10.39,10.24,10.13,179740.64,0.08,0.79,10.248,10.043,9.928,244703.95,187338.64,140308.2,2.02
2016-09-28,10.38,10.38,10.16,10.13,122665.03,-0.18,-1.74,10.202,9.978,9.912,235828.99,175002.56,136810.77,1.38
2016-09-27,10.35,10.44,10.34,10.11,224586.31,0.2,1.97,10.174,9.914,9.902,246864.54,177749.03,135449.78,2.52
2016-09-26,10.33,10.43,10.14,10.11,214561.69,-0.22,-2.12,10.1,9.871,9.881,240759.52,162986.64,128438.48,2.41
2016-09-23,10.02,10.42,10.36,10.02,481966.06,0.35,3.5,10.004,9.848,9.867,213831.73,148609.75,124390.3,5.41
2016-09-22,10.03,10.08,10.01,9.98,135365.88,-0.01,-0.1,9.838,9.805,9.849,129973.33,112046.19,104758.92,1.52
2016-09-21,9.96,10.02,10.02,9.85,177842.77,0.05,0.5,9.754,9.796,9.846,114176.13,109117.47,103129.63,2.0
2016-09-20,9.67,10.0,9.97,9.66,194061.22,0.31,3.21,9.654,9.773,9.844,108633.52,97702.59,100611.99,2.18
2016-09-19,9.56,9.73,9.66,9.54,79922.71,0.13,1.36,9.642,9.751,9.856,85213.77,88722.76,95269.68,0.9
2016-09-14,9.58,9.63,9.53,9.5,62674.08,-0.06,-0.63,9.692,9.77,9.884,83387.77,87659.58,97548.93,0.7
2016-09-13,9.58,9.63,9.59,9.52,56379.88,0.07,0.73,9.772,9.813,9.917,94119.06,93277.75,100550.61,0.63
2016-09-12,9.66,9.81,9.52,9.51,150129.7,-0.39,-3.94,9.838,9.845,9.952,104058.81,98618.98,106203.28,1.68
2016-09-09,9.93,9.98,9.91,9.87,76962.46,0.0,0.0,9.892,9.89,9.985,86771.67,93150.54,108994.14,0.86
2016-09-08,9.93,9.95,9.91,9.85,70792.72,-0.02,-0.2,9.86,9.89,9.989,92231.76,93890.31,111032.05,0.79
2016-09-07,9.92,10.03,9.93,9.91,116330.52,0.01,0.1,9.848,9.885,9.987,91931.39,100170.86,113243.02,1.31
2016-09-06,9.79,9.92,9.92,9.68,106078.67,0.13,1.33,9.854,9.892,9.995,92436.45,97471.65,113418.44,1.19
2016-09-05,9.74,9.88,9.79,9.71,63693.97,0.04,0.41,9.852,9.895,10.004,93179.16,97141.79,114103.32,0.71
2016-09-02,9.86,9.87,9.75,9.69,104262.93,-0.1,-1.01,9.888,9.915,10.019,99529.41,103521.38,121327.47,1.17
2016-09-01,9.95,9.98,9.85,9.85,69290.85,-0.11,-1.1,9.92,9.96,10.027,95548.85,101816.6,122444.82,0.78
2016-08-31,9.9,9.99,9.96,9.8,118855.83,0.05,0.51,9.922,9.997,10.037,108410.33,107438.28,124499.39,1.33
2016-08-30,10.0,10.02,9.91,9.9,109792.2,-0.06,-0.6,9.93,10.021,10.039,102506.85,107823.47,125117.47,1.23
2016-08-29,9.97,10.02,9.97,9.92,95445.22,0.06,0.6,9.938,10.058,10.045,101104.43,113787.57,125923.95,1.07
2016-08-26,9.91,10.02,9.91,9.85,84360.16,0.05,0.51,9.942,10.079,10.045,107513.36,124837.75,129669.38,0.95
2016-08-25,9.99,9.99,9.86,9.72,133598.23,-0.14,-1.4,10.0,10.088,10.061,108084.34,128173.79,135178.35,1.5
2016-08-24,9.99,10.09,10.0,9.95,89338.42,0.05,0.5,10.072,10.089,10.096,106466.23,126315.18,140439.72,1.0
2016-08-23,9.98,10.05,9.95,9.89,102780.1,-0.04,-0.4,10.112,10.097,10.122,113140.09,129365.24,161816.68,1.15
2016-08-22,10.2,10.22,9.99,9.98,127489.89,-0.21,-2.06,10.178,10.113,10.186,126470.71,131064.84,181043.0,1.43
2016-08-19,10.2,10.22,10.2,10.13,87215.08,-0.02,-0.2,10.216,10.123,10.225,142162.13,139133.57,181077.29,0.98
2016-08-18,10.2,10.23,10.22,10.15,125507.66,0.02,0.2,10.176,10.094,10.251,148263.24,143073.04,185147.92,1.41
2016-08-17,10.28,10.28,10.2,10.14,122707.7,-0.08,-0.78,10.106,10.077,10.275,146164.12,141560.49,188396.4,1.38
2016-08-16,10.21,10.31,10.28,10.17,169433.23,0.1,0.98,10.082,10.056,10.302,145590.39,142411.47,192910.08,1.9
2016-08-15,10.0,10.23,10.18,9.95,205946.98,0.18,1.8,10.048,10.032,10.336,135658.97,138060.33,193348.84,2.31
2016-08-12,9.85,10.02,10.0,9.79,117720.62,0.13,1.32,10.03,10.011,10.37,136105.0,134501.02,191197.27,1.32
2016-08-11,10.07,10.1,9.87,9.86,115012.08,-0.21,-2.08,10.012,10.033,10.417,137882.84,142182.91,199632.78,1.29
2016-08-10,10.12,10.24,10.08,10.06,119839.05,-0.03,-0.3,10.048,10.102,10.48,136956.87,154564.26,206113.27,1.34
2016-08-09,10.05,10.13,10.11,10.0,119776.13,0.02,0.2,10.03,10.147,10.536,139232.55,194268.12,224178.75,1.34
2016-08-08,9.89,10.1,10.09,9.65,208177.12,0.18,1.82,10.016,10.259,10.578,140461.7,231021.15,233249.67,2.34
2016-08-05,10.03,10.08,9.91,9.89,126609.81,-0.14,-1.39,9.992,10.327,10.617,132897.03,223021.01,240843.0,1.42
2016-08-04,9.98,10.09,10.05,9.97,110382.22,0.06,0.6,10.054,10.407,10.661,146482.97,227222.8,246792.88,1.24
2016-08-03,10.05,10.13,9.99,9.9,131217.45,-0.05,-0.5,10.156,10.472,10.717,172171.65,235232.3,259952.28,1.47
2016-08-02,10.0,10.06,10.04,9.93,125921.88,0.07,0.7,10.264,10.547,10.783,249303.7,243408.7,271148.3,1.41
2016-08-01,10.17,10.17,9.97,9.91,170353.8,-0.25,-2.45,10.502,10.64,10.854,321580.61,248637.34,293638.85,1.91
2016-07-29,10.57,10.6,10.22,10.18,194539.52,-0.34,-3.22,10.662,10.728,10.917,313144.98,247893.52,303709.01,2.18
2016-07-28,10.54,10.62,10.56,10.3,238825.62,0.03,0.28,10.76,10.8,10.947,307962.63,257082.65,305966.41,2.68
2016-07-27,11.23,11.23,10.53,10.28,516877.69,-0.7,-6.23,10.788,10.857,10.965,298292.94,257662.27,306942.46,5.8
2016-07-26,10.77,11.25,11.23,10.76,487306.41,0.46,4.27,10.83,10.925,10.984,237513.69,254089.37,296539.52,5.47
2016-07-25,10.72,10.82,10.77,10.7,128175.68,0.06,0.56,10.778,10.897,10.979,175694.07,235478.19,291437.24,1.44
2016-07-22,10.75,10.81,10.71,10.66,168627.77,0.01,0.09,10.794,10.906,10.991,182642.06,258664.99,305193.47,1.89
2016-07-21,10.72,10.87,10.7,10.68,190477.16,-0.04,-0.37,10.84,10.914,10.99,206202.67,266362.95,314904.82,2.14
2016-07-20,10.92,10.96,10.74,10.71,212981.44,-0.23,-2.1,10.926,10.961,10.989,217031.6,284672.26,318688.82,2.39
2016-07-19,10.84,10.98,10.97,10.72,178208.31,0.12,1.11,11.02,11.018,11.001,270665.05,298887.91,322343.59,2.0
2016-07-18,10.96,10.96,10.85,10.78,162915.61,-0.09,-0.82,11.016,11.067,10.983,295262.31,338640.37,334782.75,1.83
2016-07-15,11.14,11.17,10.94,10.87,286430.84,-0.19,-1.71,11.018,11.106,10.99,334687.93,359524.5,348084.77,3.21
2016-07-14,11.15,11.22,11.13,11.02,244621.8,-0.08,-0.71,10.988,11.094,11.003,326523.23,354850.17,366043.44,2.74
2016-07-13,10.99,11.37,11.21,10.95,481148.69,0.26,2.37,10.996,11.073,10.971,352312.92,356222.65,374267.54,5.4
2016-07-12,10.88,11.04,10.95,10.68,301194.62,0.09,0.83,11.016,11.042,10.924,327110.77,338989.67,362841.5,3.38
2016-07-11,10.85,11.08,10.86,10.78,360043.69,0.07,0.65,11.118,11.06,10.859,382018.43,347396.29,356752.23,4.04
2016-07-08,10.88,10.93,10.79,10.7,245607.34,-0.02,-0.18,11.194,11.076,10.801,384361.08,351721.94,351131.16,2.76
2016-07-07,11.26,11.4,11.17,11.08,373570.28,-0.14,-1.24,11.2,11.065,10.79,383177.11,363446.7,346133.57,4.19
2016-07-06,11.39,11.41,11.31,11.2,355137.94,-0.15,-1.31,11.15,11.017,10.764,360132.38,352705.37,335701.43,3.98
2016-07-05,11.28,11.53,11.46,11.11,575732.88,0.22,1.96,11.068,10.983,10.732,350868.57,345799.28,330834.24,6.46
2016-07-04,10.75,11.25,11.24,10.75,371756.94,0.42,3.88,11.002,10.898,10.685,312774.16,330925.13,312841.56,4.17
2016-07-01,10.9,11.14,10.82,10.8,239687.52,-0.1,-0.92,10.958,10.874,10.652,319082.8,336645.05,307729.45,2.69
2016-06-30,10.93,11.15,10.92,10.82,258346.61,0.02,0.18,10.93,10.911,10.631,343716.28,377236.72,319212.09,2.9
2016-06-29,11.19,11.24,10.9,10.9,308818.88,-0.23,-2.07,10.884,10.869,10.593,345278.36,392312.43,318949.04,3.46
2016-06-28,10.98,11.17,11.13,10.85,385260.84,0.11,1.0,10.898,10.806,10.531,340729.99,386693.33,309686.51,4.32
2016-06-27,10.62,11.07,11.02,10.54,403300.16,0.34,3.18,10.794,10.658,10.456,349076.1,366108.17,295057.3,4.52
2016-06-24,10.6,10.94,10.68,10.3,362854.91,-0.01,-0.09,10.79,10.526,10.389,354207.29,350540.38,279923.26,4.07
2016-06-23,10.9,10.95,10.69,10.57,266157.0,-0.28,-2.55,10.892,10.514,10.34,410757.16,328820.45,266299.55,2.98
2016-06-22,10.64,10.99,10.97,10.55,286077.03,0.36,3.39,10.854,10.511,10.289,439346.5,318697.49,257566.28,3.21
2016-06-21,11.04,11.17,10.61,10.46,426991.38,-0.39,-3.54,10.714,10.481,10.23,432656.68,315869.2,248596.19,4.79
2016-06-20,11.14,11.15,11.0,10.81,428956.12,-0.19,-1.7,10.522,10.472,10.186,383140.24,294758.0,232428.24,4.81
2016-06-17,10.48,11.5,11.19,10.35,645604.25,0.69,6.57,10.262,10.429,10.116,346873.47,278813.85,217296.89,7.24
2016-06-16,10.37,10.8,10.5,10.3,409103.72,0.23,2.24,10.136,10.351,10.038,246883.74,261187.46,194137.11,4.59
2016-06-15,9.63,10.36,10.27,9.55,252627.92,0.62,6.42,10.168,10.317,10.013,198048.47,245585.66,183306.72,2.83
2016-06-14,9.65,9.77,9.65,9.52,179409.19,-0.05,-0.52,10.248,10.255,9.995,199081.72,232679.68,176999.72,2.01
2016-06-13,10.39,10.48,9.7,9.65,247622.27,-0.86,-8.14,10.422,10.253,10.005,206375.76,224006.43,176310.45,2.78
2016-06-08,10.71,10.71,10.56,10.45,145655.58,-0.1,-0.94,10.596,10.251,10.019,210754.22,209306.15,175242.17,1.63
2016-06-07,10.68,10.83,10.66,10.6,164927.41,-0.01,-0.09,10.566,10.165,9.975,275491.18,203778.66,173458.47,1.85
2016-06-06,10.59,10.8,10.67,10.49,257794.14,0.15,1.43,10.466,10.067,9.932,293122.84,196435.07,172949.11,2.89
2016-06-03,10.59,10.67,10.52,10.47,215879.42,-0.05,-0.47,10.262,9.979,9.878,266277.64,181323.18,169755.97,2.42
2016-06-02,10.3,10.74,10.57,10.27,269514.56,0.16,1.54,10.084,9.9,9.857,241637.09,170098.48,174000.69,3.02
2016-06-01,10.5,10.87,10.41,10.18,469340.38,0.25,2.46,9.906,9.803,9.862,207858.08,155779.93,170241.75,5.26
2016-05-31,9.6,10.2,10.16,9.58,253085.7,0.51,5.29,9.764,9.724,9.874,132066.14,127086.77,162852.67,2.84
2016-05-30,9.57,9.88,9.65,9.48,123568.15,0.02,0.21,9.668,9.709,9.898,99747.29,121027.78,162845.39,1.39
2016-05-27,9.7,9.7,9.63,9.55,92676.65,-0.05,-0.52,9.696,9.735,9.928,96368.71,121319.76,165136.29,1.04
2016-05-26,9.66,9.74,9.68,9.44,100619.5,-0.02,-0.21,9.716,9.757,9.957,98559.88,128614.47,168674.69,1.13
2016-05-25,9.8,9.87,9.7,9.64,90380.71,0.02,0.21,9.7,9.786,9.985,103701.78,141178.19,173536.58,1.01
2016-05-24,9.81,9.86,9.68,9.61,91491.45,-0.11,-1.12,9.684,9.784,10.013,122107.4,143138.29,178121.62,1.03
2016-05-23,9.71,9.89,9.79,9.7,106675.23,0.06,0.62,9.75,9.796,10.035,142308.27,149463.15,179860.05,1.2
2016-05-20,9.47,9.74,9.73,9.45,103632.5,0.13,1.35,9.774,9.777,10.055,146270.82,158188.77,183996.96,1.16
2016-05-19,9.61,9.82,9.6,9.56,126329.03,-0.02,-0.21,9.798,9.813,10.078,158669.06,177902.9,195261.65,1.42
2016-05-18,10.01,10.02,9.62,9.44,182408.77,-0.39,-3.9,9.872,9.92,10.112,178654.59,184703.57,213847.31,2.04
2016-05-17,9.91,10.17,10.01,9.82,192495.84,0.1,1.01,9.884,10.023,10.173,164169.18,198618.58,218693.56,2.16
2016-05-16,9.78,9.94,9.91,9.57,126487.94,0.06,0.61,9.842,10.086,10.218,156618.03,204662.99,235419.45,1.42
2016-05-13,9.8,10.0,9.85,9.66,165623.72,-0.12,-1.2,9.78,10.121,10.254,170106.72,208952.82,243417.25,1.86
2016-05-12,9.77,10.15,9.97,9.68,226256.7,0.29,3.0,9.828,10.156,10.303,197136.73,208734.91,253360.04,2.54
2016-05-11,9.82,9.89,9.68,9.67,109981.69,-0.12,-1.22,9.968,10.183,10.331,190752.54,205894.97,260117.92,1.23
2016-05-10,9.6,9.9,9.8,9.42,154740.11,0.2,2.08,10.162,10.242,10.371,233067.97,213104.95,267027.42,1.73
2016-05-09,10.0,10.04,9.6,9.5,193931.36,-0.49,-4.86,10.33,10.274,10.412,252707.95,210256.96,276453.5,2.17
2016-05-06,10.69,10.74,10.09,10.05,300773.81,-0.58,-5.44,10.462,10.333,10.454,247798.93,209805.16,283107.49,3.37
2016-05-05,10.61,10.72,10.67,10.49,194335.75,0.02,0.19,10.484,10.343,10.468,220333.08,212620.4,289668.82,2.18
2016-05-04,10.54,10.88,10.65,10.53,321558.84,0.01,0.09,10.398,10.303,10.473,221037.39,242991.05,307733.0,3.6
2016-05-03,10.2,10.65,10.64,10.06,252939.98,0.38,3.7,10.322,10.323,10.458,193141.92,238768.55,308955.0,2.84
2016-04-29,10.01,10.39,10.26,10.01,169386.25,0.06,0.59,10.218,10.349,10.429,167805.96,266175.92,313325.32,1.9
2016-04-28,10.26,10.28,10.2,9.93,163444.58,-0.04,-0.39,10.204,10.387,10.429,171811.4,277881.68,325651.4,1.83
2016-04-27,10.37,10.44,10.24,10.21,197857.28,-0.03,-0.29,10.202,10.449,10.433,204907.71,297985.18,337372.12,2.22
2016-04-26,10.09,10.29,10.27,10.04,182081.52,0.15,1.48,10.208,10.478,10.406,264944.71,314340.88,344722.71,2.04
2016-04-25,10.19,10.2,10.12,9.96,126260.19,-0.07,-0.69,10.324,10.5,10.395,284395.17,320949.89,375517.57,1.42
2016-04-22,10.14,10.27,10.19,9.97,189413.44,0.0,0.0,10.48,10.549,10.397,364545.87,342650.05,403026.04,2.12
2016-04-21,10.23,10.59,10.19,10.12,328926.12,-0.08,-0.78,10.57,10.575,10.358,383951.95,356409.83,408791.75,3.69
2016-04-20,10.89,11.06,10.27,10.0,498042.28,-0.58,-5.35,10.696,10.592,10.334,391062.65,366717.25,404964.15,5.58
2016-04-19,10.87,10.96,10.85,10.7,279333.84,-0.05,-0.46,10.748,10.643,10.304,363737.05,372474.96,396373.45,3.13
2016-04-18,10.58,11.08,10.9,10.38,527013.69,0.26,2.44,10.676,10.592,10.253,357504.6,379141.45,403588.48,5.91
2016-04-15,10.78,10.87,10.64,10.56,286443.84,-0.18,-1.66,10.618,10.509,10.182,320754.22,360474.73,397707.94,3.21
2016-04-14,10.59,10.88,10.82,10.51,364479.62,0.29,2.75,10.58,10.47,10.099,328867.7,373421.13,399683.08,4.09
2016-04-13,10.57,10.77,10.53,10.49,361414.25,0.04,0.38,10.488,10.417,9.989,342371.85,376759.05,389522.2,4.05
2016-04-12,10.69,10.69,10.49,10.35,248171.58,-0.12,-1.13,10.538,10.333,9.901,381212.87,375104.55,380016.48,2.78
2016-04-11,10.59,10.78,10.61,10.47,343261.81,0.16,1.53,10.508,10.289,9.818,400778.29,430085.26,380940.79,3.85
2016-04-08,10.24,10.53,10.45,10.14,327011.22,0.09,0.87,10.4,10.244,9.704,400195.24,463402.03,370428.07,3.67
2016-04-07,10.7,10.73,10.36,10.35,432000.41,-0.42,-3.9,10.36,10.141,9.604,417974.56,461173.67,360114.95,4.84
2016-04-06,10.2,10.92,10.78,10.18,555619.31,0.44,4.25,10.346,10.076,9.515,411146.25,443211.06,346267.65,6.23
2016-04-05,10.05,10.45,10.34,9.97,345998.72,0.27,2.68,10.128,9.965,9.418,368996.22,420271.94,328988.8,3.88
2016-04-01,10.21,10.23,10.07,9.8,340346.53,-0.18,-1.76,10.07,9.913,9.342,459392.23,428035.52,320739.58,3.81
2016-03-31,10.36,10.49,10.25,10.15,415907.84,-0.04,-0.39,10.088,9.855,9.267,526608.82,434941.15,316028.98,4.66
2016-03-30,9.8,10.29,10.29,9.78,397858.84,0.6,6.19,9.922,9.728,9.206,504372.78,425945.03,309598.06,4.46
2016-03-29,9.92,10.05,9.69,9.6,344869.19,-0.36,-3.58,9.806,9.56,9.139,475275.86,402285.35,303844.21,3.87
2016-03-28,10.5,10.68,10.05,10.02,797978.75,-0.11,-1.08,9.802,9.468,9.076,471547.66,384928.41,298454.16,8.94
2016-03-25,9.39,10.18,10.16,9.39,676429.5,0.74,7.86,9.756,9.346,8.987,396678.81,331796.33,271045.18,7.58
2016-03-24,9.68,9.69,9.42,9.41,304727.62,-0.29,-2.99,9.622,9.164,8.934,343273.47,277454.11,250783.91,3.42
2016-03-23,9.61,9.75,9.71,9.58,252374.25,0.04,0.41,9.534,9.066,8.921,347517.29,259056.22,259864.73,2.83
2016-03-22,9.69,9.97,9.67,9.61,326228.19,-0.15,-1.53,9.314,8.954,8.944,329294.83,249324.24,263240.99,3.66
2016-03-21,9.68,9.86,9.82,9.54,423634.5,0.33,3.48,9.134,8.87,8.97,298309.15,237705.66,264885.24,4.75
2016-03-18,9.05,9.5,9.49,8.98,409402.81,0.51,5.68,8.936,8.77,8.989,266913.84,213443.63,259808.93,4.59
2016-03-17,8.66,9.1,8.98,8.63,325946.69,0.37,4.3,8.706,8.679,9.017,211634.74,197116.81,254489.72,3.65
2016-03-16,8.82,8.88,8.61,8.51,161261.95,-0.16,-1.82,8.598,8.684,9.074,170595.15,193251.08,257931.64,1.81
2016-03-15,8.89,8.95,8.77,8.72,171299.8,-0.06,-0.68,8.594,8.717,9.145,169353.66,205403.08,268274.59,1.92
2016-03-14,8.47,9.11,8.83,8.44,266657.94,0.49,5.88,8.606,8.684,9.191,177102.16,211979.91,274981.98,2.99
2016-03-11,8.38,8.4,8.34,8.2,133007.3,-0.1,-1.19,8.604,8.627,9.202,159973.42,210294.03,274150.66,1.49
2016-03-10,8.63,8.68,8.44,8.42,120748.77,-0.15,-1.75,8.652,8.704,9.247,182598.89,224113.71,275107.75,1.35
2016-03-09,8.6,8.73,8.59,8.48,155054.5,-0.24,-2.72,8.77,8.776,9.297,215907.0,260673.23,280139.73,1.74
2016-03-08,8.84,8.85,8.83,8.31,210042.31,0.01,0.11,8.84,8.933,9.328,241452.5,277157.74,281513.11,2.35
2016-03-07,8.67,8.97,8.82,8.67,181014.23,0.24,2.8,8.762,9.069,9.346,246857.65,292064.83,282426.66,2.03
2016-03-04,9.03,9.04,8.58,8.41,246134.62,-0.45,-4.98,8.65,9.208,9.35,260614.63,306174.22,283913.69,2.76
2016-03-03,8.97,9.23,9.03,8.94,287289.34,0.09,1.01,8.756,9.355,9.384,265628.53,311862.64,286309.62,3.22
2016-03-02,8.44,8.99,8.94,8.38,282782.0,0.5,5.92,8.782,9.463,9.374,305439.46,322612.2,287025.37,3.17
2016-03-01,8.35,8.53,8.44,8.08,237068.08,0.18,2.18,9.026,9.573,9.374,312862.97,331146.11,286488.93,2.66
2016-02-29,9.11,9.11,8.26,8.21,249799.12,-0.85,-9.33,9.376,9.697,9.42,337272.0,337984.05,284857.55,2.8
2016-02-26,9.32,9.42,9.11,8.89,271204.12,-0.05,-0.55,9.766,9.776,9.526,351733.82,338007.3,278506.78,3.04
2016-02-25,10.2,10.35,9.16,9.14,486344.0,-1.0,-9.84,9.954,9.79,9.584,358096.74,326101.79,273152.48,5.45
2016-02-24,10.05,10.19,10.16,9.8,319899.53,-0.03,-0.29,10.144,9.817,9.631,339784.94,299606.22,259728.01,3.59
2016-02-23,10.24,10.48,10.19,9.96,359113.22,-0.02,-0.2,10.12,9.722,9.653,349429.24,285868.48,258905.23,4.03
2016-02-22,10.18,10.29,10.21,10.06,322108.22,0.16,1.59,10.018,9.622,9.69,338696.1,272788.49,254140.94,3.61
2016-02-19,10.03,10.12,10.05,9.9,303018.75,-0.06,-0.59,9.786,9.492,9.702,324280.77,261653.16,248399.5,3.4
2016-02-18,10.01,10.25,10.11,9.83,394784.97,0.07,0.7,9.626,9.413,9.709,294106.84,260756.6,251548.36,4.43
2016-02-17,9.7,10.1,10.04,9.55,368121.06,0.36,3.72,9.49,9.284,9.709,259427.5,251438.54,244317.62,4.13
2016-02-16,9.1,9.75,9.68,9.08,305447.5,0.63,6.96,9.324,9.175,9.682,222307.72,241831.76,233218.8,3.42
2016-02-15,8.78,9.14,9.05,8.72,250031.59,-0.2,-2.16,9.226,9.142,9.696,206880.88,231731.05,227027.54,2.8
2016-02-05,9.45,9.45,9.25,9.25,152149.06,-0.18,-1.91,9.198,9.275,9.735,199025.54,219006.27,225469.86,1.71
2016-02-04,9.21,9.53,9.43,9.21,221388.31,0.22,2.39,9.2,9.377,9.819,227406.37,220203.18,228930.03,2.48
2016-02-03,9.05,9.23,9.21,8.92,182522.14,0.02,0.22,9.078,9.445,9.889,243449.57,219849.79,220480.07,2.05
2016-02-02,8.91,9.32,9.19,8.89,228313.3,0.28,3.14,9.026,9.583,10.031,261355.8,231941.98,222652.0,2.56
2016-02-01,9.15,9.2,8.91,8.71,210754.89,-0.35,-3.78,9.058,9.757,10.16,256581.23,235493.39,222705.28,2.36
2016-01-29,8.94,9.34,9.26,8.7,294053.22,0.44,4.99,9.352,9.911,10.337,238987.01,235145.84,219652.17,3.3
2016-01-28,8.8,8.95,8.82,8.43,301604.28,-0.13,-1.45,9.554,10.005,10.565,212999.98,242340.12,211671.26,3.38
2016-01-27,9.49,9.5,8.95,8.42,272053.31,-0.4,-4.28,9.812,10.133,10.828,196250.02,237196.7,203796.51,3.05
2016-01-26,10.26,10.29,9.35,9.34,204440.44,-1.03,-9.92,10.14,10.189,11.084,202528.15,224605.85,197306.88,2.29
2016-01-25,10.45,10.53,10.38,10.25,122783.78,0.11,1.07,10.456,10.25,11.309,214405.56,222324.02,196804.64,1.38
2016-01-22,10.22,10.4,10.27,9.97,164118.09,0.16,1.58,10.47,10.195,11.502,231304.67,231933.44,198765.57,1.84
2016-01-21,10.4,10.85,10.11,10.11,217854.48,-0.48,-4.53,10.456,10.26,11.696,271680.26,237656.89,200762.21,2.44
2016-01-20,10.88,11.09,10.59,10.55,303443.97,-0.34,-3.11,10.454,10.333,11.912,278143.39,221110.34,201304.83,3.4
2016-01-19,10.47,10.97,10.93,10.19,263827.47,0.48,4.59,10.238,10.478,12.123,246683.54,213362.03,199445.61,2.96
2016-01-18,10.2,10.6,10.45,10.02,207279.34,0.25,2.45,10.044,10.563,12.31,230242.48,209917.18,200807.36,2.32
2016-01-15,10.22,10.66,10.2,10.02,365996.03,0.1,0.99,9.92,10.763,12.5,232562.21,204158.5,202105.82,4.1
2016-01-14,9.21,10.16,10.1,9.21,250170.12,0.59,6.2,10.064,11.125,12.716,203633.53,181002.39,196600.33,2.8
2016-01-13,10.0,10.14,9.51,9.51,146144.75,-0.45,-4.52,10.212,11.522,12.918,164077.3,170396.31,194066.65,1.64
2016-01-12,9.99,10.11,9.96,9.52,181622.16,0.13,1.32,10.718,11.978,13.149,180040.51,170007.92,197370.41,2.04
2016-01-11,10.69,10.75,9.83,9.83,218877.98,-1.09,-9.98,11.082,12.367,13.336,189591.87,171285.26,198944.93,2.45
2016-01-08,11.16,11.33,10.92,10.0,221352.62,0.08,0.74,11.606,12.809,13.522,175754.79,165597.71,198556.99,2.48
2016-01-07,11.85,11.85,10.84,10.84,52389.0,-1.2,-9.97,12.186,13.132,13.681,158371.26,163867.52,197261.96,0.59
2016-01-06,11.86,12.07,12.04,11.73,225960.81,0.26,2.21,12.832,13.491,13.838,176715.33,181499.32,205028.03,2.53
2016-01-05,11.66,12.43,11.78,11.35,229378.95,-0.67,-5.38,13.238,13.768,13.953,159975.32,185529.18,201148.07,2.57
2016-01-04,13.9,13.99,12.45,12.44,149692.55,-1.37,-9.91,13.652,14.057,14.096,152978.66,191697.53,199459.5,1.68
2015-12-31,14.1,14.22,13.82,13.81,134434.98,-0.25,-1.78,14.012,14.236,14.208,155440.63,200053.14,205635.18,1.51
2015-12-30,14.05,14.26,14.07,13.91,144109.34,0.0,0.0,14.078,14.307,14.266,169363.79,212198.26,214039.48,1.62
2015-12-29,13.89,14.19,14.07,13.76,142260.77,0.22,1.59,14.15,14.313,14.27,186283.31,217736.99,217943.4,1.6
2015-12-28,14.28,14.43,13.85,13.8,194395.64,-0.4,-2.81,14.298,14.319,14.287,211083.05,224732.91,224020.74,2.19
2015-12-25,14.21,14.4,14.25,14.06,162002.41,0.1,0.71,14.462,14.305,14.318,230416.41,226604.59,232821.89,1.82
2015-12-24,14.4,14.4,14.15,13.91,204050.77,-0.28,-1.94,14.46,14.235,14.351,244665.66,231516.27,249675.16,2.3
2015-12-23,14.79,14.88,14.43,14.36,228706.98,-0.38,-2.57,14.536,14.229,14.47,255032.73,230656.39,253308.86,2.57
2015-12-22,14.7,14.93,14.81,14.35,266259.44,0.14,0.95,14.476,14.184,14.589,249190.66,228556.74,257918.86,3.0
2015-12-21,14.46,14.78,14.67,14.44,291062.47,0.43,3.02,14.34,14.138,14.675,238382.76,216766.96,256982.72,3.28
2015-12-18,14.6,14.61,14.24,14.11,233248.62,-0.29,-2.0,14.148,14.135,14.77,222792.77,207221.46,259177.67,2.63
2015-12-17,14.21,14.59,14.53,14.21,255886.14,0.4,2.83,14.01,14.18,14.91,218366.88,211217.21,264410.45,2.88
2015-12-16,14.13,14.35,14.13,14.01,199496.64,0.0,0.0,13.922,14.225,15.04,206280.06,215880.7,268276.47,2.25
2015-12-15,13.76,14.32,14.13,13.76,212219.95,0.42,3.06,13.892,14.227,15.163,207922.82,218149.82,278313.5,2.39
2015-12-14,13.4,13.74,13.71,13.08,213112.52,0.16,1.18,13.936,14.254,15.312,195151.16,223308.57,303986.93,2.4
2015-12-11,14.09,14.09,13.55,13.5,211119.14,-0.54,-3.83,14.122,14.331,15.471,191650.15,239039.18,322348.56,2.38
2015-12-10,14.0,14.3,14.09,13.9,195452.03,0.11,0.79,14.35,14.466,15.6,204067.54,267834.06,334953.45,2.2
2015-12-09,14.15,14.4,13.98,13.89,207710.44,-0.37,-2.58,14.528,14.71,15.738,225481.34,275961.33,367456.96,2.34
2015-12-08,14.49,14.61,14.35,14.32,148361.69,-0.29,-1.98,14.562,14.994,15.834,228376.82,287280.97,382237.86,1.67
2015-12-07,14.63,14.78,14.64,14.4,195607.44,-0.05,-0.34,14.572,15.211,15.89,251465.98,297198.47,402762.5,2.2
2015-12-04,14.95,15.19,14.69,14.55,273206.12,-0.29,-1.94,14.54,15.405,15.967,286428.21,311133.88,436141.82,3.08
2015-12-03,14.17,15.15,14.98,14.17,302521.0,0.83,5.87,14.582,15.64,16.057,331600.57,317603.68,455762.5,3.41
2015-12-02,14.4,14.59,14.15,13.68,222187.86,-0.25,-1.74,14.892,15.854,16.077,326441.32,320672.24,473688.83,2.5
2015-12-01,14.57,14.66,14.4,14.1,263807.5,-0.08,-0.55,15.426,16.099,16.095,346185.13,338477.19,487020.05,2.97
2015-11-30,15.0,15.32,14.48,13.66,370418.56,-0.42,-2.82,15.85,16.369,16.055,342930.96,384665.29,499249.78,4.17
2015-11-27,16.3,16.49,14.9,14.88,499067.91,-1.63,-9.86,16.27,16.611,16.071,335839.55,405657.95,499453.19,5.62
2015-11-26,17.05,17.08,16.53,16.5,276724.75,-0.29,-1.72,16.698,16.733,16.101,303606.8,402072.85,500950.61,3.12
2015-11-25,16.8,16.98,16.82,16.5,320906.91,0.3,1.82,16.816,16.766,16.049,314903.17,458952.6,515225.11,3.61
2015-11-24,16.58,16.7,16.52,16.01,247536.69,-0.06,-0.36,16.772,16.673,15.953,330769.25,477194.74,524575.11,2.79
2015-11-23,17.08,17.22,16.58,16.5,334961.47,-0.46,-2.7,16.888,16.569,15.896,426399.61,508326.52,538828.35,3.77
2015-11-20,17.3,17.4,17.04,16.9,337904.19,-0.08,-0.47,16.952,16.529,15.827,475476.36,561149.77,556564.58,3.8
2015-11-19,16.72,17.35,17.12,16.37,333206.59,0.52,3.13,16.768,16.473,15.691,500538.89,593921.32,567701.83,3.75
2015-11-18,16.99,17.43,16.6,16.5,400237.31,-0.5,-2.92,16.716,16.3,15.529,603002.03,626705.42,585799.78,4.51
2015-11-17,17.31,18.2,17.1,16.8,725688.5,0.2,1.18,16.574,16.091,15.35,623620.23,635562.9,609522.12,8.17
2015-11-16,15.73,17.33,16.9,15.66,580345.19,0.78,4.84,16.25,15.741,15.217,590253.43,613834.27,606739.54,6.53
2015-11-13,16.5,16.79,16.12,15.86,463216.88,-0.74,-4.39,16.106,15.531,15.06,646823.18,593248.42,604098.08,5.22
2015-11-12,15.99,17.25,16.86,15.9,845522.25,0.97,6.1,16.178,15.469,14.941,687303.74,599828.37,611543.46,9.52
2015-11-11,15.66,16.21,15.89,15.5,503328.34,0.41,2.65,15.884,15.331,14.782,650408.81,571497.63,603814.23,5.67
2015-11-10,15.99,16.45,15.48,15.48,558854.5,-0.7,-4.33,15.608,15.232,14.631,647505.58,571955.47,610085.19,6.29
2015-11-09,16.49,16.79,16.18,15.49,863193.94,-0.3,-1.82,15.232,15.222,14.525,637415.11,569330.17,620018.31,9.72
2015-11-06,15.35,16.93,16.48,15.26,665619.69,1.09,7.08,14.956,15.124,14.362,539673.66,551979.39,610524.96,7.49
2015-11-05,14.4,15.39,15.39,14.33,661047.56,0.88,6.07,14.76,14.908,14.126,512353.0,541482.34,601513.11,7.44
2015-11-04,13.7,14.59,14.51,13.4,488812.19,0.91,6.69,14.778,14.758,13.932,492586.45,544894.14,596549.38,5.5
2015-11-03,14.8,14.88,13.6,13.37,508402.19,-1.2,-8.11,14.856,14.608,13.752,496405.37,583481.33,572476.22,5.72
2015-11-02,14.9,15.38,14.8,14.47,374486.69,-0.7,-4.52,15.212,14.693,13.614,501245.23,599644.8,563512.1,4.22
2015-10-30,15.48,15.83,15.5,14.9,529016.38,0.02,0.13,15.292,14.588,13.419,564285.12,614947.73,567851.95,5.96
2015-10-29,14.96,15.78,15.48,14.51,562214.81,0.58,3.89,15.056,14.413,13.177,570611.68,623258.55,558627.22,6.33
2015-10-28,15.11,15.87,14.9,14.7,507906.78,-0.48,-3.12,14.738,14.233,12.917,597201.83,636130.83,569790.05,5.72
2015-10-27,15.19,15.58,15.38,14.2,532601.5,0.18,1.18,14.36,14.029,12.734,670557.29,648214.91,588149.74,6.0
2015-10-26,14.54,15.69,15.2,14.0,689686.12,0.88,6.14,14.174,13.827,12.476,698044.36,670706.45,578765.3,7.76
2015-10-23,13.96,14.75,14.32,13.9,560649.19,0.43,3.1,13.884,13.6,12.244,665610.34,669070.54,567735.8,6.31
2015-10-22,13.13,14.15,13.89,12.96,695165.56,0.88,6.76,13.77,13.343,12.046,675905.42,661543.89,561313.65,7.83
2015-10-21,14.4,14.96,13.01,13.01,874684.06,-1.44,-9.96,13.728,13.106,11.833,675059.84,648204.61,543337.82,9.85
2015-10-20,14.5,14.98,14.45,14.16,670036.88,0.7,5.09,13.698,12.895,11.663,625872.52,561471.11,526972.6,7.54
2015-10-19,13.8,13.88,13.75,13.22,527516.0,0.0,0.0,13.48,12.535,11.449,643368.54,527379.39,520960.27,5.94
2015-10-16,13.68,13.96,13.75,13.39,612124.62,0.07,0.51,13.316,12.25,11.229,672530.74,520756.16,510236.26,6.89
2015-10-15,13.08,13.89,13.68,13.0,690937.62,0.82,6.38,12.916,11.94,11.061,647182.35,493995.89,497704.12,7.78
2015-10-14,13.37,13.78,12.86,12.83,628747.5,-0.5,-3.74,12.484,11.601,10.954,621349.39,503449.27,481551.14,7.08
2015-10-13,12.94,13.8,13.36,12.68,757516.94,0.43,3.33,12.092,11.439,10.88,497069.69,528084.57,475417.76,8.53
2015-10-12,12.02,12.93,12.93,12.01,673327.0,1.18,10.04,11.59,11.125,10.803,411390.25,486824.16,474015.31,7.58
2015-10-09,11.5,12.04,11.75,11.39,485382.69,0.23,2.0,11.184,10.887,10.712,368981.59,466401.06,467868.68,5.46
2015-10-08,11.29,11.9,11.52,10.97,561772.81,0.67,6.17,10.964,10.749,10.662,340809.44,461083.41,468421.22,6.32
2015-10-07,10.9,10.97,10.9,10.89,7349.0,0.05,0.46,10.718,10.56,10.636,385549.15,438471.02,480767.06,0.08
2015-09-30,10.89,10.97,10.85,10.52,329119.75,-0.05,-0.46,10.786,10.43,10.695,559099.45,492474.1,508886.77,3.71
2015-09-29,10.29,10.93,10.9,10.2,461283.72,0.25,2.35,10.66,10.362,10.823,562258.07,514541.14,559259.29,5.19
2015-09-28,10.1,10.74,10.65,9.83,344521.91,0.36,3.5,10.59,10.207,10.921,563820.53,499716.35,580700.27,3.88
2015-09-25,11.3,11.55,10.29,10.16,785471.38,-0.95,-8.45,10.534,10.181,10.972,581357.39,501412.35,610684.77,8.84
2015-09-24,10.31,11.24,11.24,10.31,875100.5,1.02,9.98,10.402,10.306,11.087,491392.89,459653.0,652387.65,9.85
2015-09-23,10.27,10.61,10.22,10.08,344912.84,-0.33,-3.13,10.074,10.32,11.224,425848.75,422750.95,612247.73,3.88
2015-09-22,10.47,10.9,10.55,10.47,469096.03,0.18,1.74,10.064,10.481,11.489,466824.21,461206.47,595948.18,5.28
2015-09-21,9.48,10.5,10.37,9.38,432206.19,0.74,7.68,9.824,10.536,11.824,435612.17,469336.29,587390.78,4.87
2015-09-18,9.75,9.86,9.63,9.34,335648.88,0.03,0.31,9.828,10.574,12.264,421467.32,475759.02,577720.35,3.78
2015-09-17,9.9,10.47,9.6,9.56,547379.81,-0.57,-5.61,10.21,10.711,12.848,427913.12,523063.09,580846.14,6.16
2015-09-16,9.34,10.29,10.17,8.8,549790.12,0.82,8.77,10.566,10.959,13.518,419653.15,525299.44,574349.65,6.19
2015-09-15,9.58,9.92,9.35,9.35,313035.84,-1.04,-10.01,10.898,11.284,14.157,455588.73,603977.44,568072.63,3.52
2015-09-14,11.65,11.73,10.39,10.39,361481.94,-1.15,-9.96,11.248,11.634,14.922,503060.41,661684.19,567550.26,4.07
2015-09-11,11.43,11.75,11.54,11.3,367877.88,0.16,1.41,11.32,11.763,15.771,530050.72,719957.19,575470.93,4.14
2015-09-10,11.49,11.9,11.38,11.36,506079.97,-0.45,-3.8,11.212,11.867,16.589,618213.07,845122.3,582758.97,5.7
2015-09-09,11.19,11.88,11.83,10.99,729468.0,0.73,6.58,11.352,12.127,17.434,630945.72,801744.5,594383.4,8.21
2015-09-08,10.4,11.19,11.1,9.8,550394.25,0.35,3.26,11.67,12.497,18.232,752366.15,730689.9,596201.15,6.2
2015-09-07,11.25,11.67,10.75,10.38,496433.5,-0.25,-2.27,12.02,13.112,18.959,820307.97,705445.28,584690.57,5.59
2015-09-02,10.87,12.18,11.0,10.87,808689.62,-1.08,-8.94,12.206,13.954,19.716,909863.65,679681.68,573691.3,9.1
2015-09-01,12.9,12.99,12.08,12.08,569743.25,-1.34,-9.98,12.522,14.984,20.474,1072031.53,638629.18,548192.3,6.41
2015-08-31,12.99,13.75,13.42,12.83,1336570.12,0.57,4.44,12.902,16.077,21.177,972543.28,623399.86,532431.68,15.05
2015-08-28,12.11,12.85,12.85,11.81,890103.38,1.17,10.02,13.324,17.03,21.811,709013.65,532167.82,482146.9,10.02
2015-08-27,12.32,12.6,11.68,11.32,944211.88,-0.9,-7.15,14.204,18.209,22.523,590582.58,473416.33,465439.76,10.63
2015-08-26,12.58,13.9,12.58,12.58,1619529.0,-1.4,-10.01,15.702,19.779,23.299,449499.72,430984.68,451356.87,18.23
2015-08-25,13.98,13.98,13.98,13.98,72302.0,-1.55,-9.98,17.446,21.311,23.931,205226.84,320395.65,390368.77,0.81
2015-08-24,15.53,15.53,15.53,15.53,18922.0,-1.72,-9.97,19.252,22.74,24.537,274256.44,387022.3,410280.5,0.21
2015-06-29,19.25,19.25,17.25,17.25,297948.0,-1.92,-10.02,20.736,23.967,25.091,355321.98,461712.4,434102.24,3.35
2015-06-26,20.2,20.28,19.17,19.17,238797.59,-2.13,-10.0,22.214,24.805,25.527,356250.09,463935.87,450425.15,2.69
2015-06-25,23.01,23.08,21.3,20.71,398164.62,-1.71,-7.43,23.856,25.478,25.844,412469.65,467700.91,467108.96,4.48
2015-06-24,23.61,23.61,23.01,21.95,417450.0,0.06,0.26,25.176,25.963,26.197,435564.45,457755.42,475821.14,4.7
2015-06-23,23.9,24.68,22.95,22.18,424249.69,-1.69,-6.86,26.228,26.277,26.497,499788.16,441463.5,489353.08,4.78
2015-06-19,26.37,27.25,24.64,24.64,302588.53,-2.74,-10.01,27.198,26.592,26.802,568102.81,432125.99,492727.31,3.41
2015-06-18,28.0,29.0,27.38,27.2,519895.41,-0.52,-1.86,27.396,26.837,26.984,571621.66,457463.19,494296.16,5.85
2015-06-17,27.95,28.75,27.9,26.55,513638.62,-0.37,-1.31,27.1,26.819,27.055,522932.17,471729.06,487132.09,5.78
2015-06-16,27.79,29.08,28.27,26.51,738568.56,0.47,1.69,26.75,26.55,27.093,479946.39,460341.89,489518.22,8.32
2015-06-15,25.8,28.0,27.8,25.8,765822.94,2.17,8.47,26.326,26.334,27.144,383138.84,433538.69,473241.89,8.62
2015-06-12,26.19,26.3,25.63,25.47,320182.75,-0.27,-1.04,25.986,26.214,27.224,296149.16,406492.09,456504.67,3.6
2015-06-11,26.19,26.39,25.9,25.59,276448.0,-0.25,-0.96,26.278,26.248,27.315,343304.72,436914.43,466383.25,3.11
2015-06-10,26.15,26.35,26.15,25.5,298709.72,0.0,0.0,26.538,26.21,27.29,420525.95,466517.02,469898.02,3.36
2015-06-09,26.1,26.6,26.15,25.7,254530.77,0.05,0.19,26.35,26.43,27.253,440737.39,493886.85,473505.68,2.87
2015-06-08,27.25,27.35,26.1,25.9,330874.56,-0.99,-3.65,26.342,26.717,27.22,483938.54,537242.66,488089.71,3.73
2015-06-05,27.65,27.96,27.09,26.6,555960.56,-0.11,-0.4,26.442,27.011,27.135,516835.02,553328.64,499983.7,6.26
2015-06-04,25.21,27.68,27.2,25.0,662554.12,1.99,7.89,26.218,27.131,26.967,530524.14,531129.13,491986.84,7.46
2015-06-03,26.09,26.1,25.21,24.69,399766.94,-0.9,-3.45,25.882,27.291,26.746,512508.09,502535.12,477968.84,4.5
2015-06-02,26.6,26.68,26.11,25.48,470536.53,-0.49,-1.84,26.51,27.635,26.624,547036.31,518694.55,483631.9,5.3
2015-06-01,26.0,27.2,26.6,26.0,495356.97,0.63,2.43,27.092,27.954,26.426,590546.77,512945.09,489213.37,5.58
2015-05-29,25.0,26.65,25.97,22.94,624406.12,0.48,1.88,27.58,28.233,26.295,589822.26,506517.25,492092.64,7.03
2015-05-28,28.1,28.15,25.52,25.52,572473.88,-2.83,-9.98,28.044,28.381,26.239,531734.12,495852.07,489424.71,6.45
2015-05-27,29.03,29.29,28.35,27.51,572408.06,-0.67,-2.31,28.7,28.369,26.125,492562.15,473279.03,488695.49,6.44
2015-05-26,29.91,30.15,29.02,28.5,688088.81,-0.02,-0.07,28.76,28.075,25.826,490352.79,453124.5,505756.56,7.75
2015-05-25,28.42,29.22,29.04,27.95,491734.44,0.75,2.65,28.816,27.723,25.471,435343.41,438936.76,484237.17,5.54
2015-05-22,28.89,29.19,28.29,27.8,333965.41,-0.51,-1.77,28.886,27.258,25.015,423212.24,446638.76,488898.16,3.76
2015-05-21,28.7,29.3,28.8,28.17,376614.03,0.15,0.52,28.718,26.803,24.552,459970.02,452844.55,490483.31,4.24
2015-05-20,29.3,29.45,28.65,28.41,561361.25,-0.65,-2.22,28.038,26.202,24.072,453995.91,453402.56,486550.57,6.32
2015-05-19,29.45,29.87,29.3,28.19,413041.94,-0.09,-0.31,27.39,25.612,23.597,415896.21,448569.24,474419.01,4.65
2015-05-18,27.2,29.8,29.39,27.0,431078.59,1.94,7.07,26.63,24.898,23.052,442530.11,465481.65,479820.46,4.85
2015-05-15,25.75,27.9,27.45,25.3,517754.31,2.05,8.07,25.63,24.356,22.566,470065.27,477668.02,483438.28,5.83
2015-05-14,25.38,25.6,25.4,24.8,346743.47,-0.01,-0.04,24.888,24.096,22.167,445719.07,482997.35,479905.15,3.9
2015-05-13,25.1,25.93,25.41,24.85,370862.75,-0.09,-0.35,24.366,23.88,21.876,452809.21,504111.95,494005.71,4.18
2015-05-12,24.4,25.83,25.5,23.81,546211.44,1.11,4.55,23.834,23.576,21.547,481242.27,558388.62,507975.54,6.15
2015-05-11,24.0,24.98,24.39,23.68,568754.38,0.65,2.74,23.166,23.218,21.207,488433.18,529537.58,534030.82,6.4
2015-05-08,23.08,23.81,23.74,22.6,396023.31,0.95,4.17,23.082,22.772,20.838,485270.77,531157.56,528112.21,4.46
2015-05-07,23.45,24.0,22.79,22.55,382194.16,0.04,0.18,23.304,22.3,20.473,520275.63,528122.07,532973.57,4.3
2015-05-06,22.1,23.57,22.75,21.92,513028.06,0.59,2.66,23.394,21.941,20.192,555414.69,519698.58,541915.47,5.78
2015-05-05,23.9,23.9,22.16,21.66,582166.0,-1.81,-7.55,23.318,21.581,19.951,635534.97,500268.78,552176.01,6.55
2015-05-04,25.6,25.79,23.97,23.8,552942.31,-0.88,-3.54,23.27,21.205,19.751,570641.98,494159.28,571154.53,6.23
2015-04-30,23.5,25.3,24.85,23.5,571047.62,1.61,6.93,22.462,20.776,19.404,577044.35,489208.54,582530.08,6.43
2015-04-29,22.1,23.98,23.24,21.86,557889.44,0.87,3.89,21.296,20.238,18.976,535968.5,476812.95,583665.69,6.28
2015-04-28,24.11,24.11,22.37,21.97,913629.5,0.45,2.05,20.488,19.872,18.574,483982.48,483899.48,581695.06,10.29
2015-04-27,20.8,21.92,21.92,20.8,257701.05,1.99,9.98,19.844,19.518,18.374,365002.58,457562.45,564224.83,2.9
2015-04-24,18.8,20.1,19.93,18.5,584954.12,0.91,4.78,19.14,19.196,18.177,417676.57,538524.06,581253.93,6.59
2015-04-23,19.2,19.41,19.02,18.76,365668.41,-0.18,-0.94,19.09,18.903,18.074,401372.73,525066.86,581036.27,4.12
2015-04-22,19.19,19.63,19.2,19.0,297959.31,0.05,0.26,19.18,18.645,18.014,417657.39,537825.08,594496.76,3.35
2015-04-21,18.42,19.25,19.15,18.1,318730.0,0.75,4.08,19.256,18.443,17.935,483816.48,564132.36,614265.93,3.59
2015-04-20,19.37,19.85,18.4,18.38,521071.0,-1.28,-6.5,19.192,18.32,17.849,550122.33,604083.24,635375.64,5.87
2015-04-17,19.54,20.17,19.68,18.8,503434.94,0.21,1.08,19.252,18.297,17.806,659371.55,648149.79,644168.3,5.67
2015-04-16,19.18,20.14,19.47,18.6,447091.69,-0.11,-0.56,18.716,18.031,17.65,648760.98,675851.61,655896.08,5.03
2015-04-15,18.61,20.18,19.58,18.61,628754.75,0.75,3.98,18.11,17.714,17.485,657992.77,690518.44,674878.3,7.08
2015-04-14,18.7,19.08,18.83,18.26,650259.25,0.13,0.69,17.63,17.275,17.275,644448.24,679490.65,679490.65,7.32
2015-04-13,16.55,18.7,18.7,16.55,1067317.12,1.7,10.0,17.448,17.102,17.102,658044.15,682738.59,682738.59,12.02
2015-04-10,16.4,17.28,17.0,16.01,450382.09,0.56,3.41,17.342,16.903,16.903,636928.02,634666.27,634666.27,5.07
2015-04-09,17.2,17.48,16.44,16.0,493250.66,-0.74,-4.31,17.346,16.889,16.889,702942.24,660992.58,660992.58,5.55
2015-04-08,17.95,18.01,17.18,16.58,561032.06,-0.74,-4.13,17.318,16.963,16.963,723044.11,688949.57,688949.57,6.32
2015-04-07,19.0,19.11,17.92,17.78,718238.81,-0.25,-1.38,16.92,16.92,16.92,714533.07,714533.07,714533.07,8.09
2015-04-03,17.12,18.3,18.17,16.69,961736.5,1.15,6.76,16.67,16.67,16.67,713606.63,713606.63,713606.63,10.83
2015-04-02,16.32,17.84,17.02,16.3,780453.19,0.72,4.42,16.17,16.17,16.17,630896.68,630896.68,630896.68,8.79
2015-04-01,15.18,16.36,16.3,15.0,593760.0,1.11,7.31,15.745,15.745,15.745,556118.42,556118.42,556118.42,6.68
2015-03-31,15.74,15.79,15.19,14.5,518476.84,-0.33,-2.13,15.19,15.19,15.19,518476.84,518476.84,518476.84,5.84
