date,open,high,close,low,volume,price_change,p_change,ma5,ma10,ma20,v_ma5,v_ma10,v_ma20,turnover
2018-03-29,15.0,15.0,14.89,14.75,42634.4,-0.01,-0.07,14.644,14.675,14.599,65690.84,64772.19,65963.92,0.64
2018-03-28,14.65,14.98,14.9,14.56,60829.09,0.08,0.54,14.634,14.649,14.607,76003.08,67096.49,70390.01,0.91
2018-03-27,14.58,14.85,14.82,14.56,63267.59,0.31,2.14,14.65,14.643,14.583,88035.45,66259.81,71917.19,0.95
2018-03-26,14.01,14.59,14.51,13.92,65686.47,0.41,2.91,14.62,14.646,14.555,84239.07,65249.42,72739.88,0.98
2018-03-23,14.35,14.53,14.1,13.8,96036.64,-0.74,-4.99,14.626,14.691,14.525,77039.31,69690.78,71992.39,1.44
2018-03-22,15.38,15.5,14.84,14.75,94195.59,-0.14,-0.94,14.706,14.721,14.496,63853.54,66372.39,69167.98,1.41
2018-03-21,14.9,15.24,14.98,14.82,120990.96,0.31,2.11,14.664,14.659,14.434,58189.91,61594.58,67862.22,1.81
2018-03-20,14.5,14.69,14.67,14.31,44285.7,0.13,0.89,14.636,14.571,14.329,44484.18,56514.39,63521.47,0.66
2018-03-19,14.56,14.72,14.54,14.48,29687.68,0.04,0.28,14.672,14.541,14.239,46259.76,59291.1,64066.29,0.45
2018-03-16,14.6,14.68,14.5,14.43,30107.79,-0.13,-0.89,14.756,14.529,14.148,62342.25,60147.73,66397.31,0.45
2018-03-15,14.79,14.83,14.63,14.33,65877.41,-0.21,-1.42,14.736,14.522,14.058,68891.25,67155.64,69027.56,0.99
2018-03-14,14.77,14.96,14.84,14.61,52462.31,-0.01,-0.07,14.654,14.564,14.004,64999.26,73683.54,68980.59,0.79
2018-03-13,14.9,15.03,14.85,14.7,53163.61,-0.11,-0.73,14.506,14.523,13.947,68544.6,77574.56,70492.97,0.8
2018-03-12,14.58,15.06,14.96,14.52,110100.15,0.56,3.89,14.41,14.463,13.895,72322.45,80230.35,74775.19,1.65
2018-03-09,14.25,14.49,14.4,14.12,62852.75,0.18,1.27,14.302,14.359,13.913,57953.2,74294.0,73949.9,0.94
2018-03-08,14.18,14.32,14.22,14.09,46417.48,0.12,0.85,14.308,14.271,13.946,65420.03,71963.56,74907.17,0.7
2018-03-07,14.33,14.49,14.1,14.1,70189.0,-0.27,-1.88,14.474,14.208,13.965,82367.81,74129.86,77014.56,1.05
2018-03-06,14.56,14.74,14.37,14.25,72052.86,-0.05,-0.35,14.54,14.087,13.997,86604.52,70528.56,81718.19,1.08
2018-03-05,14.48,14.61,14.42,14.39,38253.93,-0.01,-0.07,14.516,13.936,14.065,88138.25,68841.47,82658.75,0.57
2018-03-02,14.6,14.75,14.43,14.43,100186.89,-0.62,-4.12,14.416,13.766,14.136,90634.79,72646.89,87012.21,1.5
2018-03-01,14.13,15.18,15.05,14.09,131156.38,0.62,4.3,14.234,13.593,14.216,78507.08,70899.49,87079.76,1.97
2018-02-28,14.1,14.58,14.43,13.89,91372.55,0.18,1.26,13.942,13.444,14.26,65891.91,64277.64,92157.62,1.37
2018-02-27,13.93,14.39,14.25,13.67,79721.49,0.33,2.37,13.634,13.371,14.341,54452.59,63411.37,98222.5,1.2
2018-02-26,13.7,14.1,13.92,13.48,50736.65,0.4,2.96,13.356,13.326,14.394,49544.68,69320.02,100161.22,0.76
2018-02-23,13.63,13.76,13.52,13.31,39548.33,-0.07,-0.52,13.116,13.467,14.449,54658.99,73605.81,101916.27,0.59
2018-02-22,13.1,13.75,13.59,12.97,68080.55,0.7,5.43,12.952,13.62,14.503,63291.9,77850.77,103604.04,1.02
2018-02-14,12.88,12.92,12.89,12.65,34175.92,0.03,0.23,12.946,13.721,14.563,62663.37,79899.26,104804.54,0.51
2018-02-13,12.83,13.08,12.86,12.69,55181.97,0.14,1.1,13.108,13.907,14.654,72370.16,92907.83,109979.41,0.83
2018-02-12,12.79,12.92,12.72,12.45,76308.17,0.02,0.16,13.296,14.194,14.739,89095.37,96476.04,114903.76,1.14
2018-02-09,13.0,13.2,12.7,12.51,82712.88,-0.86,-6.34,13.818,14.506,14.859,92552.62,101377.53,116958.13,1.24
2018-02-08,13.43,13.65,13.56,13.3,64937.89,-0.14,-1.02,14.288,14.839,14.986,92409.65,103260.02,116957.64,0.97
2018-02-07,13.89,14.18,13.7,13.21,82709.89,-0.1,-0.72,14.496,15.075,15.069,97135.15,120037.61,118816.84,1.24
2018-02-06,14.88,14.88,13.8,13.8,138808.0,-1.53,-9.98,14.706,15.311,15.159,113445.5,133033.62,127177.48,2.08
2018-02-05,14.53,15.45,15.33,14.21,93594.46,0.28,1.86,15.092,15.461,15.219,103856.72,131002.42,125999.33,1.4
2018-02-02,14.8,15.2,15.05,14.62,81998.02,0.45,3.08,15.194,15.431,15.195,110202.44,130226.74,129326.7,1.23
2018-02-01,14.91,15.0,14.6,14.34,88565.38,-0.15,-1.02,15.39,15.385,15.178,114110.39,129357.31,137412.77,1.33
2018-01-31,15.44,15.49,14.75,14.75,164261.66,-0.98,-6.23,15.654,15.405,15.191,142940.07,129709.82,149245.22,2.46
2018-01-30,15.76,15.98,15.73,15.45,90864.07,-0.11,-0.69,15.916,15.4,15.13,152621.74,127051.0,143946.12,1.36
2018-01-29,16.1,16.55,15.84,15.8,125323.09,-0.19,-1.19,15.83,15.283,15.025,158148.12,133331.48,143808.92,1.88
2018-01-26,16.03,16.4,16.03,15.77,101537.75,0.11,0.69,15.668,15.211,14.889,150251.03,132538.72,139283.4,1.52
2018-01-25,16.3,16.87,15.92,15.89,232713.77,-0.14,-0.87,15.38,15.133,14.744,144604.23,130655.27,137275.64,3.49
2018-01-24,15.31,16.21,16.06,15.18,212670.0,0.76,4.97,15.156,15.062,14.609,116479.56,117596.06,131674.3,3.19
2018-01-23,15.15,15.53,15.3,14.91,118495.99,0.27,1.8,14.884,15.007,14.449,101480.26,121321.34,123575.53,1.78
2018-01-22,14.69,15.15,15.03,14.58,85837.62,0.44,3.02,14.736,14.977,14.323,108514.84,120996.23,120975.63,1.29
2018-01-19,14.93,14.99,14.59,14.58,73303.76,-0.21,-1.42,14.754,14.959,14.213,114826.42,128426.67,120698.04,1.1
2018-01-18,14.62,15.28,14.8,14.58,92090.45,0.1,0.68,14.886,14.97,14.109,116706.31,145468.23,120863.27,1.38
2018-01-17,14.55,14.95,14.7,14.13,137673.47,0.14,0.96,14.968,14.977,14.009,118712.56,168780.63,119125.54,2.06
2018-01-16,15.06,15.06,14.56,14.41,153668.92,-0.56,-3.7,15.13,14.859,13.91,141162.43,160841.25,114866.27,2.3
2018-01-15,15.43,15.62,15.12,14.77,117395.49,-0.13,-0.85,15.218,14.767,13.818,133477.62,154286.36,109604.81,1.76
2018-01-12,15.35,15.47,15.25,15.1,82703.2,0.04,0.26,15.164,14.567,13.7,142026.93,146028.08,106906.78,1.24
2018-01-11,15.48,15.58,15.21,15.04,102121.74,-0.3,-1.93,15.054,14.355,13.581,174230.16,143896.02,106197.3,1.53
2018-01-10,15.29,16.19,15.51,15.29,249922.78,0.51,3.4,14.986,14.156,13.451,218848.69,145752.54,103685.26,3.75
2018-01-09,14.8,15.27,15.0,14.7,115244.89,0.15,1.01,14.588,13.891,13.301,180520.08,125829.73,93821.17,1.73
2018-01-08,14.86,15.18,14.85,14.43,160142.02,0.15,1.02,14.316,13.669,13.184,175095.09,120955.03,91106.05,2.4
2018-01-05,14.98,15.25,14.7,14.69,243719.38,-0.17,-1.14,13.97,13.466,13.066,150029.23,112969.41,86321.38,3.65
2018-01-04,13.73,14.87,14.87,13.72,325214.38,1.35,9.98,13.656,13.248,12.952,113561.88,96258.31,77005.76,4.88
2018-01-03,13.79,13.79,13.52,13.42,58279.71,-0.12,-0.88,13.326,13.041,12.834,72656.39,69470.45,66560.63,0.87
2018-01-02,13.27,13.68,13.64,13.15,88119.98,0.52,3.96,13.194,12.96,12.79,71139.38,68891.29,74232.52,1.32
2017-12-29,13.1,13.26,13.12,13.03,34812.7,-0.01,-0.08,13.022,12.869,12.803,66814.97,64923.26,73323.05,0.52
2017-12-28,13.1,13.34,13.13,12.96,61382.65,-0.09,-0.68,12.962,12.833,12.856,75909.58,67785.49,73605.13,0.92
2017-12-27,12.98,13.5,13.22,12.98,120686.9,0.36,2.8,12.84,12.806,12.905,78954.73,68498.59,72360.48,1.81
2017-12-26,12.66,12.94,12.86,12.66,50694.67,0.08,0.63,12.756,12.746,12.957,66284.5,61617.98,69737.04,0.76
2017-12-25,12.78,13.01,12.78,12.66,66497.91,-0.04,-0.31,12.726,12.71,13.041,66643.19,61812.61,69411.86,1.0
2017-12-22,12.58,13.03,12.82,12.5,80285.77,0.3,2.4,12.716,12.699,13.125,63031.54,61257.08,68490.21,1.2
2017-12-21,12.74,12.8,12.52,12.34,76608.38,-0.28,-2.19,12.704,12.665,13.223,59661.4,59673.35,66342.86,1.15
2017-12-20,12.7,12.97,12.8,12.61,57335.78,0.09,0.71,12.772,12.655,13.327,58042.45,57753.21,65653.54,0.86
2017-12-19,12.71,12.85,12.71,12.6,52488.13,-0.02,-0.16,12.736,12.627,13.433,56951.45,63650.82,65590.3,0.79
2017-12-18,12.76,12.99,12.73,12.67,48439.66,-0.03,-0.23,12.694,12.62,13.534,56982.02,79573.75,67919.13,0.73
2017-12-15,12.8,12.85,12.76,12.66,63435.05,-0.1,-0.78,12.682,12.736,13.641,59482.61,81722.85,68931.62,0.95
2017-12-14,12.68,12.86,12.86,12.58,68513.61,0.24,1.9,12.626,12.879,13.757,59685.3,79424.77,72068.23,1.03
2017-12-13,12.5,12.72,12.62,12.42,51880.8,0.12,0.96,12.538,13.004,13.89,57463.97,76222.37,71449.44,0.78
2017-12-12,12.68,12.73,12.5,12.48,52641.0,-0.17,-1.34,12.518,13.168,14.028,70350.19,77856.1,72889.18,0.79
2017-12-11,12.53,12.71,12.67,12.48,60942.58,0.19,1.52,12.546,13.371,14.197,102165.48,77011.11,75609.86,0.91
2017-12-08,12.48,12.55,12.48,12.4,64448.53,0.06,0.48,12.79,13.551,14.377,103963.08,75723.34,76409.04,0.97
2017-12-07,12.48,12.58,12.42,12.35,57406.92,-0.1,-0.8,13.132,13.781,14.556,99164.23,73012.37,79808.99,0.86
2017-12-06,12.47,12.68,12.52,12.18,116311.9,-0.12,-0.95,13.47,13.999,14.754,94980.78,73553.87,81241.95,1.74
2017-12-05,13.85,14.0,12.64,12.5,211717.45,-1.25,-9.0,13.818,14.238,14.945,85362.02,67529.79,83223.08,3.17
2017-12-04,14.2,14.33,13.89,13.82,69930.61,-0.3,-2.11,14.196,14.448,15.135,51856.74,56264.52,86180.23,1.05
2017-12-01,14.15,14.28,14.19,14.11,40454.26,0.08,0.57,14.312,14.546,15.21,47483.6,56140.39,84791.48,0.61
2017-11-30,14.26,14.28,14.11,14.11,36489.7,-0.15,-1.05,14.43,14.634,15.256,46860.52,64711.69,85440.02,0.55
2017-11-29,14.6,14.62,14.26,14.05,68218.07,-0.27,-1.86,14.528,14.775,15.298,52126.95,66676.5,86126.09,1.02
2017-11-28,14.45,14.56,14.53,14.31,44191.05,0.06,0.41,14.658,14.888,15.344,49697.56,67922.26,85032.35,0.66
2017-11-27,14.84,14.99,14.47,14.41,48064.94,-0.31,-2.1,14.7,15.023,15.381,60672.3,74208.6,87420.44,0.72
2017-11-24,14.68,14.81,14.78,14.61,37338.85,0.18,1.23,14.78,15.203,15.429,64797.17,77094.74,89500.08,0.56
2017-11-23,15.05,15.14,14.6,14.57,62821.86,-0.31,-2.08,14.838,15.33,15.476,82562.87,86605.61,90551.17,0.94
2017-11-22,14.76,14.93,14.91,14.73,56071.12,0.17,1.15,15.022,15.509,15.523,81226.04,88930.03,90139.27,0.84
2017-11-21,14.93,14.99,14.74,14.56,99064.71,-0.13,-0.87,15.118,15.652,15.55,86146.96,98916.36,89037.91,1.49
2017-11-20,15.09,15.1,14.87,14.57,68689.31,-0.2,-1.33,15.346,15.822,15.578,87744.91,116095.95,86068.98,1.03
2017-11-17,15.68,15.94,15.07,15.0,126167.33,-0.45,-2.9,15.626,15.874,15.605,89392.31,113442.58,84648.57,1.89
2017-11-16,15.44,15.58,15.52,15.3,56137.75,0.13,0.84,15.822,15.877,15.626,90648.35,106168.34,80167.84,0.84
2017-11-15,15.72,15.72,15.39,15.36,80675.7,-0.49,-3.09,15.996,15.82,15.617,96634.02,105575.68,80155.12,1.21
2017-11-14,16.25,16.25,15.88,15.73,107054.47,-0.39,-2.4,16.186,15.799,15.611,111685.76,102142.45,78519.84,1.61
2017-11-13,16.14,16.3,16.27,15.88,76926.31,0.22,1.37,16.298,15.738,15.592,144446.99,100632.27,75081.29,1.15
2017-11-10,16.6,16.74,16.05,16.05,132447.5,-0.34,-2.07,16.122,15.655,15.557,137492.84,101905.42,76573.77,1.99
2017-11-09,16.34,16.5,16.39,16.19,86066.13,0.05,0.31,15.932,15.622,15.558,121688.33,94496.73,72739.86,1.29
2017-11-08,16.3,16.78,16.34,16.2,155934.41,-0.1,-0.61,15.644,15.537,15.551,114517.35,91348.51,74643.49,2.34
2017-11-07,15.57,16.66,16.44,15.57,270860.62,1.05,6.82,15.412,15.447,15.535,92599.13,79159.47,71870.66,4.06
2017-11-06,15.18,15.43,15.39,15.13,42155.54,0.29,1.92,15.178,15.334,15.523,56817.55,56042.0,65920.4,0.63
2017-11-03,14.9,15.34,15.1,14.9,53424.95,0.15,1.0,15.188,15.336,15.558,66318.01,55854.57,71844.78,0.8
2017-11-02,15.19,15.27,14.95,14.91,50211.21,-0.23,-1.51,15.312,15.375,15.579,67305.14,54167.34,73620.59,0.75
2017-11-01,15.22,15.35,15.18,15.14,46343.34,-0.09,-0.59,15.43,15.413,15.615,68179.68,54734.55,78687.07,0.69
2017-10-31,15.44,15.48,15.27,14.77,91952.71,-0.17,-1.1,15.482,15.422,15.64,65719.8,54897.24,82362.91,1.38
2017-10-30,15.9,15.95,15.44,15.31,89657.84,-0.28,-1.78,15.49,15.446,15.658,55266.46,49530.31,86569.67,1.34
2017-10-27,15.54,15.75,15.72,15.45,58360.58,0.18,1.16,15.484,15.458,15.636,45391.12,51242.11,85690.17,0.88
2017-10-26,15.4,15.58,15.54,15.31,54583.92,0.1,0.65,15.438,15.493,15.621,41029.55,50982.99,86621.4,0.82
2017-10-25,15.36,15.44,15.44,15.28,34043.94,0.13,0.85,15.396,15.564,15.621,41289.43,57938.47,92079.27,0.51
2017-10-24,15.35,15.43,15.31,15.24,39686.0,-0.1,-0.65,15.362,15.622,15.609,44074.67,64581.86,92579.93,0.6
2017-10-23,15.47,15.55,15.41,15.33,40281.17,-0.08,-0.52,15.402,15.712,15.604,43794.16,75798.8,92978.31,0.6
2017-10-20,15.34,15.55,15.49,15.25,36552.72,0.16,1.04,15.432,15.78,15.601,57093.09,87834.99,94560.77,0.55
2017-10-19,15.31,15.46,15.33,15.17,55883.33,0.06,0.39,15.548,15.782,15.584,60936.42,93073.83,94897.58,0.84
2017-10-18,15.54,15.69,15.27,15.25,47970.15,-0.24,-1.55,15.732,15.817,15.575,74587.51,102639.59,94325.25,0.72
2017-10-17,15.56,15.68,15.51,15.43,38283.44,-0.05,-0.32,15.882,15.858,15.574,85089.05,109828.58,94065.37,0.57
2017-10-16,16.1,16.1,15.56,15.48,106775.82,-0.51,-3.17,16.022,15.87,15.559,107803.44,123609.04,95928.22,1.6
2017-10-13,16.2,16.25,16.07,16.0,55769.38,-0.18,-1.11,16.128,15.814,15.55,118576.89,120138.22,93351.97,0.84
2017-10-12,15.94,16.27,16.25,15.72,124138.77,0.23,1.44,16.016,15.749,15.518,125211.24,122259.81,93818.56,1.86
2017-10-11,16.2,16.34,16.02,15.97,100477.84,-0.19,-1.17,15.902,15.678,15.476,130691.67,126220.06,93239.92,1.51
2017-10-10,15.95,16.33,16.21,15.82,151855.39,0.12,0.75,15.834,15.596,15.454,134568.1,120578.0,98598.71,2.28
2017-10-09,15.61,16.13,16.09,15.56,160643.05,0.58,3.74,15.718,15.495,15.4,139414.63,110157.81,94742.35,2.41
2017-09-29,15.62,15.84,15.51,15.45,88941.17,-0.17,-1.08,15.5,15.422,15.351,121699.56,101286.55,88943.94,1.33
2017-09-28,15.65,15.93,15.68,15.47,151540.91,0.0,0.0,15.482,15.385,15.331,119308.38,96721.33,87112.72,2.27
2017-09-27,15.6,15.72,15.68,15.45,119859.98,0.05,0.32,15.454,15.332,15.302,121748.46,86010.9,81746.13,1.8
2017-09-26,15.21,15.85,15.63,15.21,176088.05,0.63,4.2,15.358,15.289,15.276,106587.9,78302.17,78155.29,2.64
2017-09-25,15.42,15.42,15.0,15.0,72067.7,-0.42,-2.72,15.272,15.247,15.252,80900.99,68247.41,71832.81,1.08
2017-09-22,15.36,15.49,15.42,15.25,76985.24,-0.12,-0.77,15.344,15.285,15.261,80873.53,66565.72,71817.58,1.15
2017-09-21,15.29,15.65,15.54,15.25,163741.31,0.34,2.24,15.288,15.287,15.244,74134.28,65377.32,70427.58,2.46
2017-09-20,15.14,15.22,15.2,15.09,44057.19,0.0,0.0,15.21,15.273,15.217,50273.35,60259.78,66142.75,0.66
2017-09-19,15.35,15.38,15.2,15.13,47653.51,-0.16,-1.04,15.22,15.312,15.204,50016.44,76619.42,65730.9,0.71
2017-09-18,15.15,15.36,15.36,15.13,71930.4,0.22,1.45,15.222,15.305,15.193,55593.83,79326.89,66449.32,1.08
2017-09-15,15.2,15.25,15.14,15.11,43289.0,-0.01,-0.07,15.226,15.28,15.179,52257.9,76601.33,66180.3,0.65
2017-09-14,15.27,15.3,15.15,15.13,44436.63,-0.1,-0.66,15.286,15.276,15.171,56620.35,77504.12,66738.41,0.67
2017-09-13,15.13,15.25,15.25,15.12,42772.67,0.04,0.26,15.336,15.272,15.162,70246.22,77481.35,67360.39,0.64
2017-09-12,15.39,15.45,15.21,15.18,75540.45,-0.17,-1.1,15.404,15.263,15.143,103222.39,78008.4,67952.94,1.13
2017-09-11,15.28,15.43,15.38,15.24,55250.76,-0.06,-0.39,15.388,15.257,15.119,103059.95,75418.2,66831.33,0.83
2017-09-08,15.41,15.64,15.44,15.36,65101.23,0.04,0.26,15.334,15.237,15.092,100944.76,77069.45,66385.25,0.98
2017-09-07,15.62,15.65,15.4,15.35,112565.99,-0.19,-1.22,15.266,15.2,15.047,98387.89,75477.85,65951.06,1.69
2017-09-06,15.19,15.67,15.59,15.16,207653.52,0.46,3.04,15.208,15.16,15.006,84716.48,72025.72,63675.41,3.11
2017-09-05,15.12,15.17,15.13,15.1,74728.26,0.02,0.13,15.122,15.095,14.969,52794.42,54842.39,55356.47,1.12
2017-09-04,15.14,15.18,15.11,15.04,44674.79,0.01,0.07,15.126,15.08,14.962,47776.46,53571.74,54513.67,0.67
2017-09-01,15.18,15.21,15.1,15.05,52316.87,-0.01,-0.07,15.14,15.078,14.956,53194.14,55759.27,54797.47,0.78
2017-08-31,15.16,15.19,15.11,15.02,44208.96,-0.05,-0.33,15.134,15.066,14.945,52567.8,55972.71,54242.67,0.66
2017-08-30,15.12,15.17,15.16,15.08,48043.2,0.01,0.07,15.112,15.052,14.934,59334.97,57239.43,53975.77,0.72
2017-08-29,15.2,15.23,15.15,15.09,49638.47,-0.03,-0.2,15.068,15.023,14.92,56890.37,57897.47,55973.3,0.74
2017-08-28,15.07,15.23,15.18,15.07,71763.2,0.11,0.73,15.034,14.981,14.923,59367.02,58244.45,58826.14,1.08
2017-08-25,15.0,15.15,15.07,14.98,49185.19,0.07,0.47,15.016,14.947,14.915,58324.4,55701.04,58438.74,0.74
2017-08-24,14.9,15.31,15.0,14.9,78044.77,0.06,0.4,14.998,14.893,14.899,59377.62,56424.28,59402.4,1.17
2017-08-23,15.05,15.05,14.94,14.9,35820.21,-0.04,-0.27,14.992,14.852,14.901,55143.9,55325.1,60716.02,0.54
2017-08-22,15.06,15.09,14.98,14.93,62021.75,-0.11,-0.73,14.978,14.843,14.892,58904.57,55870.54,64804.75,0.93
2017-08-21,14.99,15.15,15.09,14.99,66550.06,0.11,0.73,14.928,14.844,14.858,57121.87,55455.61,64389.56,1.0
2017-08-18,14.9,15.0,14.98,14.86,54451.29,0.01,0.07,14.878,14.833,14.822,53077.69,53835.67,63616.51,0.82
2017-08-17,14.85,14.99,14.97,14.82,56876.19,0.1,0.67,14.788,14.824,14.794,53470.94,52512.63,63401.63,0.85
2017-08-16,14.84,14.96,14.87,14.74,54623.56,0.14,0.95,14.712,14.816,14.77,55506.3,50712.1,63932.76,0.82
2017-08-15,14.75,14.82,14.73,14.65,53108.26,-0.11,-0.74,14.708,14.817,14.742,52836.52,54049.13,65003.25,0.8
2017-08-14,14.53,14.89,14.84,14.53,46329.15,0.31,2.13,14.76,14.865,14.721,53789.34,59407.83,70730.33,0.69
2017-08-11,14.5,14.65,14.53,14.45,56417.52,-0.06,-0.41,14.788,14.882,14.718,54593.64,61176.43,74776.77,0.85
2017-08-10,14.96,15.0,14.59,14.54,67053.01,-0.26,-1.75,14.86,14.905,14.774,51554.32,62380.53,74400.94,1.01
2017-08-09,15.0,15.0,14.85,14.83,41274.64,-0.14,-0.93,14.92,14.95,14.831,45917.9,66106.95,73074.92,0.62
2017-08-08,15.0,15.08,14.99,14.88,57872.38,0.01,0.07,14.926,14.94,14.874,55261.74,73738.96,75321.23,0.87
2017-08-07,14.74,15.1,14.98,14.74,50350.66,0.09,0.6,14.97,14.872,14.916,65026.32,73323.52,76009.41,0.75
2017-08-04,14.91,14.98,14.89,14.83,41220.89,0.0,0.0,14.976,14.811,14.964,67759.21,73397.34,76789.42,0.62
2017-08-03,14.84,15.03,14.89,14.82,38870.94,0.01,0.07,14.95,14.763,15.023,73206.74,74290.63,77934.63,0.58
2017-08-02,15.05,15.14,14.88,14.82,87993.81,-0.33,-2.17,14.98,14.723,15.078,86296.0,77153.42,82603.49,1.32
2017-08-01,15.09,15.31,15.21,14.96,106695.29,0.2,1.33,14.954,14.667,15.148,92216.18,75957.38,82134.21,1.6
2017-07-31,14.9,15.13,15.01,14.82,64015.14,0.25,1.69,14.774,14.576,15.203,81620.72,82052.84,85889.49,0.96
2017-07-28,15.06,15.06,14.76,14.74,68458.53,-0.28,-1.86,14.646,14.554,15.246,79035.47,88377.12,85490.98,1.03
2017-07-27,14.81,15.16,15.04,14.8,104317.21,0.29,1.97,14.576,14.643,15.299,75374.52,86421.35,84771.15,1.56
2017-07-26,14.47,14.9,14.75,14.4,117594.72,0.44,3.08,14.466,14.711,15.345,68010.84,80042.88,82867.99,1.76
2017-07-25,14.35,14.47,14.31,14.26,53718.0,-0.06,-0.42,14.38,14.807,15.396,59698.58,76903.51,79748.2,0.81
2017-07-24,14.31,14.41,14.37,14.2,51088.91,-0.04,-0.28,14.378,14.96,15.479,82484.96,78695.3,80081.47,0.77
2017-07-21,14.48,14.56,14.41,14.39,50153.77,-0.08,-0.55,14.462,15.116,15.558,97718.77,80181.49,80861.85,0.75
2017-07-20,14.33,14.55,14.49,14.28,67498.79,0.17,1.19,14.71,15.282,15.628,97468.17,81578.62,83010.75,1.01
2017-07-19,14.2,14.36,14.32,14.07,76033.41,0.02,0.14,14.956,15.433,15.704,92074.93,88053.56,83952.79,1.14
2017-07-18,14.69,14.84,14.3,13.9,167649.91,-0.49,-3.31,15.234,15.629,15.798,94108.44,88311.04,83484.81,2.51
2017-07-17,15.61,15.63,14.79,14.46,127257.97,-0.86,-5.5,15.542,15.83,15.899,74905.64,89726.14,80141.46,1.91
2017-07-14,15.6,15.72,15.65,15.55,48900.79,-0.07,-0.45,15.77,15.938,15.961,62644.21,82604.84,77719.45,0.73
2017-07-13,15.71,15.74,15.72,15.65,40532.55,0.01,0.06,15.854,15.955,15.988,65689.07,83120.95,78005.41,0.61
2017-07-12,15.8,15.89,15.71,15.53,86200.98,-0.13,-0.82,15.91,15.978,16.011,84032.2,85693.09,80101.78,1.29
2017-07-11,15.93,16.04,15.84,15.81,71635.92,-0.09,-0.56,16.024,15.984,16.029,82513.64,82592.9,78984.88,1.07
2017-07-10,16.1,16.13,15.93,15.87,65950.81,-0.14,-0.87,16.118,15.997,16.04,104546.63,81467.64,78542.66,0.99
2017-07-07,15.99,16.1,16.07,15.84,64125.11,0.07,0.44,16.106,15.999,16.037,102565.47,81542.21,79673.34,0.96
2017-07-06,16.19,16.22,16.0,15.91,132248.19,-0.28,-1.72,16.056,15.974,16.028,100552.82,84442.88,82028.76,1.98
2017-07-05,16.35,16.38,16.28,16.14,78608.16,-0.03,-0.18,16.046,15.974,16.038,87353.98,79852.01,79593.95,1.18
2017-07-04,15.95,16.39,16.31,15.91,181800.88,0.44,2.77,15.944,15.967,16.043,82672.16,78658.58,80249.67,2.73
2017-07-03,15.84,15.93,15.87,15.79,56045.03,0.05,0.32,15.876,15.967,16.029,58388.66,70556.78,74569.97,0.84
2017-06-30,15.88,15.91,15.82,15.72,54061.86,-0.13,-0.81,15.892,15.984,16.042,60518.94,72834.06,77432.5,0.81
2017-06-29,15.82,15.97,15.95,15.78,66253.98,0.18,1.14,15.892,16.02,16.037,68332.94,72889.88,80016.65,0.98
2017-06-28,15.97,15.99,15.77,15.72,55199.07,-0.2,-1.25,15.902,16.044,16.009,72350.04,74510.46,85349.57,0.82
2017-06-27,15.93,16.01,15.97,15.89,60383.34,0.02,0.12,15.99,16.073,16.033,74644.99,75376.85,89440.59,0.9
2017-06-26,15.86,15.96,15.95,15.72,66696.45,0.13,0.82,16.058,16.083,16.073,82724.91,75617.67,95574.84,0.99
2017-06-23,15.88,16.01,15.82,15.52,93131.85,-0.18,-1.12,16.076,16.074,16.116,85149.18,77804.48,99812.06,1.38
2017-06-22,16.17,16.33,16.0,16.0,86339.51,-0.21,-1.29,16.148,16.082,16.158,77446.82,79614.65,105054.18,1.28
2017-06-21,16.29,16.29,16.21,16.01,66673.82,-0.1,-0.61,16.186,16.101,16.145,76670.87,79335.89,114377.96,0.99
2017-06-20,16.18,16.46,16.31,16.15,100782.92,0.27,1.68,16.156,16.119,16.194,76108.71,81840.76,127108.36,1.5
2017-06-19,16.18,16.22,16.04,15.91,78817.79,-0.14,-0.86,16.108,16.091,16.296,68510.42,78583.15,150661.76,1.17
2017-06-16,16.19,16.3,16.18,16.12,54620.04,-0.01,-0.06,16.072,16.099,16.389,70459.77,82030.95,157982.35,0.81
2017-06-15,15.98,16.26,16.19,15.95,82459.8,0.13,0.81,16.016,16.053,16.413,81782.48,87143.42,158916.61,1.22
2017-06-14,16.07,16.18,16.06,15.94,63863.02,-0.01,-0.06,16.016,15.974,16.437,82000.9,96188.68,157918.4,0.95
2017-06-13,15.86,16.07,16.07,15.81,62791.47,0.21,1.32,16.082,15.993,16.463,87572.81,103504.32,157948.12,0.93
2017-06-12,15.79,16.1,15.86,15.78,88564.54,-0.04,-0.25,16.074,16.063,16.475,88655.88,115532.02,157817.02,1.32
2017-06-09,16.17,16.22,15.9,15.79,111233.55,-0.26,-1.61,16.126,16.157,16.495,93602.12,121819.64,159095.24,1.65
2017-06-08,16.2,16.36,16.19,16.16,83551.93,-0.2,-1.22,16.09,16.233,16.49,92504.37,130493.7,157043.88,1.24
2017-06-07,16.1,16.44,16.39,16.05,91722.54,0.36,2.25,15.932,16.189,16.475,110376.46,149420.04,157194.29,1.36
2017-06-06,16.16,16.16,16.03,15.85,68206.85,-0.09,-0.56,15.904,16.269,16.429,119435.84,172375.96,157799.67,1.01
2017-06-05,15.8,16.3,16.12,15.8,113295.73,0.4,2.54,16.052,16.5,16.401,142408.15,222740.37,164721.05,1.68
2017-06-02,15.51,15.87,15.72,15.24,105744.79,0.32,2.08,16.188,16.678,16.443,150037.16,233933.76,162147.67,1.57
2017-06-01,16.18,16.2,15.4,15.36,172912.41,-0.85,-5.23,16.376,16.773,16.506,168483.04,230689.79,159546.53,2.57
2017-05-31,16.95,16.98,16.25,16.23,137019.41,-0.52,-3.1,16.446,16.9,16.589,188463.61,219648.12,153851.44,2.03
2017-05-26,16.53,17.35,16.77,16.31,183068.41,-0.03,-0.18,16.634,16.933,16.643,225316.08,212391.92,150726.07,2.72
2017-05-25,16.43,16.8,16.8,16.11,151440.77,0.14,0.84,16.948,16.886,16.661,303072.58,200102.02,146686.93,2.25
2017-05-24,15.81,16.8,16.66,15.8,197974.2,0.91,5.78,17.168,16.833,16.661,317830.37,196370.85,142675.21,2.94
2017-05-23,17.05,17.07,15.75,15.75,272815.25,-1.44,-8.38,17.17,16.747,16.673,292896.55,183594.05,137763.29,4.05
2017-05-22,18.0,18.57,17.19,17.17,321281.75,-1.15,-6.27,17.354,16.761,16.746,250832.64,164968.55,132588.69,4.77
2017-05-19,18.69,19.55,18.34,18.16,571850.94,0.44,2.46,17.232,16.589,16.795,199467.76,143223.39,120024.56,8.49
2017-05-18,16.47,18.33,17.9,16.38,225229.69,1.23,7.38,16.824,16.301,16.786,97131.45,106701.73,101757.7,3.34
2017-05-17,16.55,16.88,16.67,16.48,73305.1,0.0,0.0,16.498,16.207,16.825,74911.33,90361.57,100792.4,1.09
2017-05-16,16.57,16.69,16.67,16.28,62495.7,0.09,0.54,16.324,16.239,16.972,74291.55,88403.28,105839.73,0.93
2017-05-15,16.31,16.76,16.58,16.16,64457.38,0.28,1.72,16.168,16.277,17.192,79104.47,88054.76,105031.25,0.96
2017-05-12,16.3,16.4,16.3,16.01,60169.39,0.03,0.18,15.946,16.353,17.412,86979.02,89060.23,105606.16,0.89
2017-05-11,16.04,16.33,16.27,15.88,114129.1,0.47,2.98,15.778,16.435,17.646,116272.0,93271.84,106253.97,1.69
2017-05-10,15.88,16.08,15.8,15.77,70206.19,-0.09,-0.57,15.916,16.488,17.907,105811.81,88979.57,103518.66,1.04
2017-05-09,15.37,15.98,15.89,15.37,86560.27,0.42,2.71,16.154,16.598,18.205,102515.0,91932.54,104215.54,1.29
2017-05-08,15.55,15.95,15.47,15.46,103830.15,0.01,0.07,16.386,16.731,18.476,97005.05,100208.83,103613.64,1.54
2017-05-05,16.6,16.74,15.46,15.4,206634.28,-1.5,-8.84,16.76,17.001,18.779,91141.43,96825.72,105462.56,3.07
2017-05-04,16.95,17.24,16.96,16.7,61828.17,-0.03,-0.18,17.092,17.27,19.063,70271.69,96813.68,100991.94,0.92
2017-05-03,16.94,17.07,16.99,16.75,53722.13,-0.06,-0.35,17.06,17.442,19.269,72147.33,111223.23,102515.83,0.8
2017-05-02,17.34,17.4,17.05,16.94,59010.51,-0.29,-1.67,17.042,17.704,19.456,81350.08,123276.18,105264.11,0.88
2017-04-28,17.12,17.35,17.34,17.02,74512.07,0.22,1.28,17.076,18.107,19.633,103412.62,122007.74,107176.94,1.11
2017-04-27,16.88,17.34,17.12,16.7,102285.56,0.32,1.91,17.242,18.471,19.833,102510.01,122152.1,107863.09,1.52
2017-04-26,16.93,17.05,16.8,16.76,71206.37,-0.1,-0.59,17.448,18.857,20.032,123355.66,119236.1,109076.6,1.06
2017-04-25,17.15,17.2,16.9,16.7,99735.89,-0.32,-1.86,17.824,19.326,20.272,150299.13,118057.76,111971.98,1.48
2017-04-24,17.85,17.86,17.22,16.57,169323.2,-0.95,-5.23,18.366,19.812,20.541,165202.28,116498.55,111943.14,2.51
2017-04-21,18.21,18.45,18.17,18.04,69999.02,0.02,0.11,19.138,20.22,20.783,140602.86,107018.45,108419.15,1.04
2017-04-20,18.68,18.84,18.15,17.96,206513.84,-0.53,-2.84,19.7,20.557,20.968,141794.19,114099.39,110642.5,3.07
2017-04-19,19.55,19.57,18.68,18.65,205923.72,-0.93,-4.74,20.266,20.856,21.142,115116.53,105170.2,103508.39,3.06
2017-04-18,21.0,21.2,19.61,19.32,174251.64,-1.47,-6.97,20.828,21.095,21.298,85816.38,93808.44,97566.63,2.59
2017-04-17,20.69,21.15,21.08,20.64,46326.09,0.1,0.48,21.258,21.207,21.424,67794.81,87252.04,92399.8,0.69
2017-04-14,20.9,21.25,20.98,20.6,75955.64,0.0,0.0,21.302,21.158,21.492,73434.03,92346.14,96162.8,1.13
2017-04-13,21.5,21.61,20.98,20.85,73125.57,-0.51,-2.37,21.414,21.195,21.529,86404.6,93574.09,97245.49,1.09
2017-04-12,21.68,21.87,21.49,21.46,59422.94,-0.27,-1.24,21.446,21.207,21.585,95223.87,98917.1,98416.34,0.88
2017-04-11,21.26,21.8,21.76,21.18,84143.83,0.46,2.16,21.362,21.217,21.623,101800.5,105886.21,101734.56,1.25
2017-04-10,21.6,21.75,21.3,21.22,74522.18,-0.24,-1.11,21.156,21.269,21.637,106709.27,107387.73,101546.3,1.11
2017-04-07,21.0,21.8,21.54,20.98,140808.5,0.4,1.89,21.014,21.346,21.669,111258.24,109819.86,105970.08,2.09
2017-04-06,21.01,21.35,21.14,20.6,117221.89,0.07,0.33,20.976,21.379,21.72,100743.58,107185.61,105296.03,1.74
2017-04-05,20.9,21.28,21.07,20.69,92306.1,0.34,1.64,20.968,21.427,21.813,102610.33,101846.58,106653.29,1.37
2017-03-31,20.5,20.92,20.73,20.21,108687.68,0.14,0.68,21.072,21.501,21.943,109971.93,101324.81,106503.31,1.61
2017-03-30,21.26,21.26,20.59,20.58,97267.05,-0.76,-3.56,21.382,21.64,22.094,108066.19,97547.55,108338.59,1.44
2017-03-29,21.1,21.37,21.35,20.77,88235.16,0.25,1.19,21.678,21.825,22.236,108381.47,99979.45,112772.04,1.31
2017-03-28,21.5,21.67,21.1,20.91,126555.64,-0.49,-2.27,21.782,21.862,22.319,113627.64,100916.9,114337.2,1.88
2017-03-27,22.28,22.42,21.59,21.5,129114.1,-0.69,-3.1,21.886,21.963,22.433,101082.83,97915.59,115158.63,1.92
2017-03-24,22.07,22.45,22.28,21.98,99159.02,0.21,0.95,21.93,22.028,22.472,92677.7,97582.91,114287.34,1.47
2017-03-23,21.78,22.38,22.07,21.71,98843.44,0.2,0.91,21.898,22.005,22.481,87028.9,95704.88,118679.99,1.47
2017-03-22,21.46,22.11,21.87,21.2,114466.0,0.25,1.16,21.972,21.991,22.515,91577.43,102120.3,120236.13,1.7
2017-03-21,21.8,21.81,21.62,21.51,63831.57,-0.19,-0.87,21.942,22.06,22.565,88206.16,103406.45,126454.52,0.95
2017-03-20,22.05,22.05,21.81,21.54,87088.48,-0.31,-1.4,22.04,22.199,22.595,94748.36,111460.0,135074.81,1.29
2017-03-17,22.29,22.63,22.12,22.11,70915.03,-0.32,-1.43,22.126,22.384,22.578,102488.12,111681.8,136065.23,1.05
2017-03-16,21.98,22.56,22.44,21.98,121586.09,0.72,3.31,22.112,22.547,22.518,104380.85,119129.64,136732.29,1.81
2017-03-15,22.01,22.01,21.72,21.53,97609.62,-0.39,-1.76,22.01,22.647,22.472,112663.18,125564.63,133994.78,1.45
2017-03-14,22.25,22.42,22.11,22.04,96542.57,-0.13,-0.58,22.178,22.776,22.452,118606.73,127757.5,132951.84,1.43
2017-03-13,21.97,22.3,22.24,21.48,125787.27,0.19,0.86,22.358,22.903,22.428,128171.63,132401.68,136563.65,1.87
2017-03-10,21.89,22.21,22.05,21.66,80378.69,0.12,0.55,22.642,22.915,22.393,120875.48,130991.77,137912.92,1.19
2017-03-09,22.2,22.23,21.93,21.77,162997.73,-0.63,-2.79,22.982,22.956,22.322,133878.42,141655.11,138772.68,2.42
2017-03-08,22.8,22.88,22.56,22.45,127327.41,-0.45,-1.96,23.284,23.039,22.277,138466.09,138351.95,133162.89,1.89
2017-03-07,23.51,23.67,23.01,22.6,144367.06,-0.65,-2.75,23.374,23.069,22.202,136908.26,149502.59,130299.65,2.14
2017-03-06,23.66,23.95,23.66,23.44,89306.52,-0.09,-0.38,23.448,22.991,22.097,136631.72,158689.62,127262.31,1.33
2017-03-03,23.22,24.01,23.75,22.7,145393.39,0.31,1.32,23.188,22.771,21.967,141108.07,160448.67,126124.05,2.16
2017-03-02,23.05,24.16,23.44,23.05,185936.08,0.43,1.87,22.93,22.488,21.808,149431.8,154334.95,120290.96,2.76
2017-03-01,23.33,23.48,23.01,22.9,119538.25,-0.37,-1.58,22.794,22.296,21.768,138237.8,142424.92,110995.01,1.78
2017-02-28,22.28,23.38,23.38,22.22,142984.36,1.02,4.56,22.764,22.128,21.646,162096.91,138146.18,108895.31,2.12
2017-02-27,22.48,22.96,22.36,22.26,111688.25,-0.1,-0.45,22.534,21.953,21.513,180747.51,140725.63,103877.92,1.66
2017-02-24,22.78,23.6,22.46,22.2,187012.05,-0.3,-1.32,22.354,21.87,21.43,179789.27,144834.07,100829.94,2.78
2017-02-23,22.76,23.2,22.76,22.5,129966.09,-0.1,-0.44,22.046,21.687,21.352,159238.1,135890.24,95413.43,1.93
2017-02-22,22.3,23.58,22.86,22.1,238833.81,0.63,2.83,21.798,21.514,21.237,146612.03,127973.84,91842.68,3.55
2017-02-21,21.49,22.49,22.23,21.38,236237.36,0.77,3.59,21.492,21.335,21.117,114195.46,111096.72,84118.63,3.51
2017-02-20,20.8,21.65,21.46,20.8,106897.05,0.54,2.58,21.372,21.203,21.021,100703.74,95835.01,76802.83,1.59
2017-02-17,21.45,21.65,20.92,20.89,84256.2,-0.6,-2.79,21.386,21.162,20.958,109878.86,91799.43,76932.18,1.25
2017-02-16,21.2,21.77,21.52,21.2,66835.74,0.19,0.89,21.328,21.128,20.871,112542.38,86246.97,78495.28,0.99
2017-02-15,21.49,21.69,21.33,21.22,76750.93,-0.3,-1.39,21.23,21.239,20.79,109335.64,79565.09,78972.43,1.14
2017-02-14,21.32,22.01,21.63,21.3,168778.8,0.1,0.46,21.178,21.164,20.719,107997.98,79644.44,78449.23,2.51
2017-02-13,20.73,21.66,21.53,20.68,152772.64,0.9,4.36,21.034,21.072,20.643,90966.27,67030.21,76565.35,2.27
2017-02-10,21.04,21.17,20.63,20.61,97573.78,-0.4,-1.9,20.938,20.99,20.606,73720.01,56825.81,77378.76,1.45
2017-02-09,21.04,21.07,21.03,20.85,50802.07,-0.04,-0.19,20.928,21.016,20.646,59951.56,54936.62,76310.35,0.75
2017-02-08,20.8,21.09,21.07,20.56,70062.62,0.16,0.77,21.248,20.96,20.664,49794.54,55711.53,82955.67,1.04
2017-02-07,20.9,21.35,20.91,20.82,83620.23,-0.14,-0.67,21.15,20.899,20.663,51290.89,57140.54,88333.43,1.24
2017-02-06,20.53,21.09,21.05,20.21,66541.33,0.47,2.28,21.11,20.839,20.648,43094.15,57770.66,90737.22,0.99
2017-02-03,20.55,20.66,20.58,20.35,28731.54,0.0,0.0,21.042,20.754,20.606,39931.62,62064.92,90691.07,0.43
2017-02-02,20.58,22.64,22.63,20.58,17.0,2.05,9.96,21.104,20.615,20.592,49921.68,70743.59,93353.9,0.0
2017-01-26,20.8,20.82,20.58,20.12,77544.35,-0.13,-0.63,20.672,20.34,20.465,61628.52,78379.77,98912.61,1.15
2017-01-25,20.73,20.96,20.71,20.57,42636.54,0.0,0.0,20.648,20.274,20.434,62990.19,77254.01,100115.0,0.63
2017-01-24,20.76,21.0,20.71,20.57,50728.65,-0.18,-0.86,20.568,20.214,20.402,72447.16,86100.49,101894.89,0.75
2017-01-23,20.59,20.97,20.89,20.59,78681.88,0.42,2.05,20.466,20.222,20.385,84198.23,97931.7,104289.68,1.17
2017-01-20,20.55,20.93,20.47,20.29,58551.16,0.01,0.05,20.126,20.275,20.38,91565.5,97684.08,105933.21,0.87
2017-01-19,20.16,20.75,20.46,19.92,84352.74,0.15,0.74,20.008,20.367,20.429,95131.02,110199.81,109118.35,1.25
2017-01-18,20.13,20.5,20.31,20.0,89921.38,0.11,0.55,19.9,20.427,20.473,91517.83,119526.33,113733.33,1.34
2017-01-17,19.19,20.25,20.2,18.73,109484.0,1.01,5.26,19.86,20.456,20.529,99753.81,123703.78,116787.58,1.63
2017-01-16,19.86,19.87,19.19,18.63,115518.21,-0.69,-3.47,19.978,20.458,20.629,111665.17,119317.22,123120.48,1.72
2017-01-13,20.06,20.27,19.88,19.7,76378.75,-0.04,-0.2,20.424,20.569,20.724,103802.67,115964.21,125424.12,1.13
2017-01-12,20.3,20.5,19.92,19.9,66286.83,-0.19,-0.94,20.726,20.59,20.802,125268.6,119445.45,131205.99,0.98
2017-01-11,20.6,20.64,20.11,20.0,131101.27,-0.68,-3.27,20.954,20.593,20.873,147534.82,122975.99,145478.88,1.95
2017-01-10,21.2,21.31,20.79,20.51,169040.77,-0.63,-2.94,21.052,20.589,20.939,147653.76,117689.28,152939.76,2.51
2017-01-09,21.41,21.64,21.42,21.11,76205.73,0.03,0.14,20.938,20.548,20.904,126969.27,110647.66,158228.57,1.13
2017-01-06,21.24,21.88,21.39,21.1,183708.41,0.33,1.57,20.714,20.485,20.855,128125.74,114182.33,158552.61,2.73
2017-01-05,20.52,21.51,21.06,20.52,177617.92,0.46,2.23,20.454,20.491,20.813,113622.29,108036.89,155372.3,2.64
2017-01-04,20.2,20.7,20.6,20.02,131695.95,0.38,1.88,20.232,20.518,20.812,98417.16,107940.33,157613.9,1.96
2017-01-03,20.25,20.41,20.22,20.05,65618.35,-0.08,-0.39,20.126,20.602,20.817,87724.81,109871.38,166138.45,0.97
2016-12-30,19.98,20.3,20.3,19.8,81988.08,0.21,1.04,20.158,20.799,20.823,94326.05,126923.74,170433.96,1.22
2016-12-29,19.86,20.14,20.09,19.54,111191.14,0.14,0.7,20.256,20.878,20.814,100238.92,134884.03,182786.47,1.65
2016-12-28,20.15,20.54,19.95,19.72,101592.27,-0.12,-0.6,20.528,21.013,20.813,102451.49,142966.53,192010.63,1.51
2016-12-27,20.4,20.6,20.07,20.05,78234.23,-0.31,-1.52,20.804,21.153,20.773,117463.51,167981.77,193917.85,1.16
2016-12-26,20.79,20.79,20.38,19.82,98624.53,-0.41,-1.97,21.078,21.288,20.751,132017.95,188190.23,196914.73,1.46
2016-12-23,21.27,21.38,20.79,20.79,111552.43,-0.66,-3.08,21.44,21.26,20.732,159521.43,205809.47,198263.88,1.66
2016-12-22,21.35,21.47,21.45,20.79,122253.98,0.12,0.56,21.5,21.225,20.699,169529.14,202922.88,200881.23,1.81
2016-12-21,21.65,22.09,21.33,21.25,176652.36,-0.11,-0.51,21.498,21.134,20.648,183481.57,202707.71,212328.56,2.62
2016-12-20,22.16,22.16,21.44,21.36,151006.45,-0.75,-3.38,21.502,21.106,20.575,218500.02,207287.47,228625.94,2.24
2016-12-19,21.3,22.25,22.19,21.01,236141.92,1.1,5.22,21.498,21.032,20.453,244362.52,222405.51,231756.41,3.5
2016-12-16,21.4,21.65,21.09,20.91,161590.97,-0.35,-1.63,21.08,20.847,20.274,252097.52,213944.19,224764.88,2.4
2016-12-15,20.92,21.65,21.44,20.72,192016.16,0.09,0.42,20.95,20.75,20.137,236316.63,230688.92,221457.0,2.85
2016-12-14,21.2,22.18,21.35,21.13,351744.62,-0.07,-0.33,20.77,20.612,19.985,221933.85,241054.73,215920.99,5.22
2016-12-13,20.36,21.89,21.42,19.82,280318.91,1.32,6.57,20.71,20.392,19.846,196074.92,219853.94,208513.89,4.16
2016-12-12,20.85,21.66,20.1,20.1,274816.94,-0.34,-1.66,20.566,20.213,19.687,200448.51,205639.22,198154.42,4.08
2016-12-09,20.6,20.87,20.44,20.31,82686.51,-0.1,-0.49,20.614,20.203,19.598,175790.85,190718.28,190309.76,1.23
2016-12-08,20.89,21.0,20.54,20.5,120102.26,-0.51,-2.42,20.55,20.172,19.487,225061.21,198839.59,192672.22,1.78
2016-12-07,20.5,21.35,21.05,20.45,222449.98,0.35,1.69,20.454,20.161,19.359,260175.62,221949.4,192167.48,3.3
2016-12-06,20.37,21.3,20.7,20.11,302186.84,0.36,1.77,20.074,20.043,19.186,243632.96,249964.4,185629.15,4.48
2016-12-05,19.85,20.35,20.34,19.54,151528.66,0.22,1.09,19.86,19.873,19.04,210829.93,241107.31,173685.94,2.25
2016-12-02,20.17,21.09,20.12,20.05,329038.31,0.06,0.3,19.792,19.701,18.907,205645.7,235585.58,170559.59,4.88
2016-12-01,20.5,20.5,20.06,19.85,295674.31,0.91,4.75,19.794,19.523,18.796,172617.96,212225.09,157520.91,4.39
2016-11-30,19.5,19.5,19.15,19.06,139736.7,-0.48,-2.44,19.868,19.357,18.694,183723.19,190787.24,147976.46,2.07
2016-11-29,20.17,20.17,19.63,19.6,138171.69,-0.37,-1.85,20.012,19.3,18.639,256295.83,197173.84,144122.2,2.05
2016-11-28,19.9,20.18,20.0,19.81,125607.5,-0.13,-0.65,19.886,19.16,18.568,271384.69,190669.61,143360.16,1.86
2016-11-25,20.18,20.35,20.13,19.79,163899.62,-0.3,-1.47,19.61,18.992,18.507,265525.47,189901.25,140518.04,2.43
2016-11-24,19.77,20.76,20.43,19.65,351200.44,0.56,2.82,19.252,18.802,18.431,251832.21,186504.86,136991.96,5.21
2016-11-23,19.02,20.89,19.87,19.02,502599.91,0.87,4.58,18.846,18.557,18.352,197851.29,162385.56,124543.43,7.46
2016-11-22,18.82,19.15,19.0,18.72,213615.98,0.38,2.04,18.588,18.328,18.299,138051.85,121293.91,105220.08,3.17
2016-11-21,18.34,18.7,18.62,18.31,96311.38,0.28,1.53,18.434,18.206,18.275,109954.54,106264.56,100207.37,1.43
2016-11-18,18.4,18.51,18.34,18.18,95433.35,-0.06,-0.33,18.374,18.113,18.282,114277.04,105533.59,100359.73,1.42
2016-11-17,18.56,18.66,18.4,18.34,81295.83,-0.18,-0.97,18.352,18.068,18.308,121177.51,102816.73,100531.11,1.21
2016-11-16,18.6,18.91,18.58,18.51,203602.72,0.35,1.92,18.268,18.031,18.33,126919.83,105165.68,101016.31,3.02
2016-11-15,18.3,18.45,18.23,18.16,73129.4,-0.09,-0.49,18.068,17.978,18.33,104535.96,91070.55,97422.96,1.09
2016-11-14,18.1,18.44,18.32,18.04,117923.89,0.09,0.49,17.978,17.975,18.37,102574.59,96050.71,99585.36,1.75
2016-11-11,17.93,18.29,18.23,17.89,129935.72,0.25,1.39,17.852,18.021,18.416,96790.14,91134.83,101569.18,1.93
2016-11-10,17.72,18.11,17.98,17.72,110007.42,0.4,2.27,17.784,18.06,18.462,84455.95,87479.07,103303.98,1.63
2016-11-09,17.73,17.81,17.58,17.39,91683.37,-0.2,-1.12,17.794,18.146,18.529,83411.53,86701.29,113764.48,1.36
2016-11-08,17.77,17.83,17.78,17.65,63322.56,0.09,0.51,17.888,18.269,18.588,77605.15,89146.25,120746.71,0.94
2016-11-07,17.89,17.96,17.69,17.61,89001.65,-0.2,-1.12,17.972,18.344,18.609,89526.83,94150.18,121989.56,1.32
2016-11-04,18.02,18.15,17.89,17.87,68264.73,-0.14,-0.78,18.19,18.45,18.626,85479.52,95185.87,124202.67,1.01
2016-11-03,17.99,18.08,18.03,17.83,104785.33,-0.02,-0.11,18.336,18.548,18.623,90502.19,98245.48,125085.15,1.56
2016-11-02,18.19,18.2,18.05,18.02,62651.46,-0.21,-1.15,18.498,18.629,18.629,89991.05,96866.94,124728.93,0.93
2016-10-28,18.77,18.77,18.2,18.15,122931.0,-0.58,-3.09,18.65,18.682,18.626,100687.35,103775.36,131391.13,1.82
2016-10-27,18.6,18.8,18.78,18.5,68765.08,0.16,0.86,18.716,18.764,18.656,98773.52,103120.01,135103.6,1.02
2016-10-26,18.74,18.79,18.62,18.58,93378.06,-0.22,-1.17,18.71,18.811,18.651,104892.22,112003.53,143868.01,1.39
2016-10-25,18.76,18.95,18.84,18.66,102229.67,0.03,0.16,18.76,18.864,18.646,105988.78,119128.9,146193.27,1.52
2016-10-24,18.53,18.95,18.81,18.5,116132.94,0.28,1.51,18.76,18.911,18.649,103742.84,140827.67,152405.33,1.72
2016-10-21,18.72,18.79,18.53,18.37,113361.86,-0.22,-1.17,18.714,18.907,18.634,106863.37,152347.16,153210.56,1.68
2016-10-20,19.02,19.16,18.75,18.75,99358.58,-0.12,-0.64,18.812,18.874,18.624,107466.5,149828.94,159886.32,1.47
2016-10-19,18.84,19.16,18.87,18.74,98860.83,0.03,0.16,18.912,18.801,18.638,119114.84,153219.47,174364.21,1.47
2016-10-18,18.58,18.9,18.84,18.51,90999.97,0.26,1.4,18.968,18.698,18.65,132269.02,151924.82,199953.43,1.35
2016-10-17,19.01,19.11,18.58,18.52,131735.62,-0.44,-2.31,19.062,18.629,18.617,177912.51,152590.91,218836.0,1.96
2016-10-14,19.17,19.18,19.02,18.92,116377.52,-0.23,-1.2,19.1,18.569,18.559,197830.96,159006.91,215952.16,1.73
2016-10-13,19.1,19.29,19.25,18.92,157600.28,0.1,0.52,18.936,18.547,18.478,192191.37,167087.18,215214.33,2.34
2016-10-12,19.1,19.25,19.15,18.96,164631.7,-0.16,-0.83,18.69,18.491,18.384,187324.09,175732.49,211709.86,2.44
2016-10-11,18.98,19.67,19.31,18.78,319217.41,0.54,2.88,18.428,18.428,18.284,171580.61,173257.65,205591.58,4.74
2016-10-10,18.89,19.11,18.77,18.71,231327.88,0.57,3.13,18.196,18.387,18.175,127269.32,163982.99,192551.16,3.43
2016-09-30,17.92,18.26,18.2,17.9,88179.58,0.18,1.0,18.038,18.36,18.091,120182.86,154073.96,184979.02,1.31
2016-09-29,18.1,18.31,18.02,17.99,133263.88,0.18,1.01,18.158,18.374,18.049,141982.99,169943.7,183716.65,1.98
2016-09-28,18.18,18.18,17.84,17.84,85914.32,-0.31,-1.71,18.292,18.475,18.021,164140.9,195508.95,182042.53,1.28
2016-09-27,17.98,18.18,18.15,17.84,97660.92,0.17,0.94,18.428,18.601,17.994,174934.69,247982.04,181150.86,1.45
2016-09-26,18.63,18.63,17.98,17.9,195895.59,-0.82,-4.36,18.578,18.604,17.945,200696.67,285081.08,181326.4,2.91
2016-09-23,18.8,19.14,18.8,18.72,197180.25,0.11,0.59,18.682,18.548,17.891,187965.07,272897.4,175548.16,2.93
2016-09-22,18.72,19.18,18.69,18.65,244053.41,0.17,0.92,18.59,18.409,17.807,197904.4,263341.48,169607.92,3.62
2016-09-21,18.8,18.85,18.52,18.48,139883.27,-0.38,-2.01,18.658,18.277,17.726,226877.01,247687.22,163172.02,2.08
2016-09-20,18.43,18.91,18.9,18.27,226470.81,0.4,2.16,18.774,18.139,17.666,321029.39,237925.51,161033.28,3.36
2016-09-19,18.3,18.54,18.5,18.26,132237.59,0.16,0.87,18.63,17.963,17.607,369465.5,221119.32,157646.84,1.96
2016-09-14,18.76,18.9,18.34,18.3,246876.92,-0.69,-3.63,18.414,17.822,17.56,357829.74,215884.08,155621.7,3.66
2016-09-13,18.78,19.35,19.03,18.6,388916.44,-0.07,-0.37,18.228,17.724,17.518,328778.55,197489.61,147691.65,5.77
2016-09-12,18.01,19.45,19.1,17.81,610645.19,0.92,5.06,17.896,17.567,17.441,268497.44,168576.1,134484.24,9.06
2016-09-09,18.9,18.9,18.18,18.08,468651.34,0.76,4.36,17.504,17.386,17.359,154821.62,114319.69,110371.81,6.96
2016-09-08,17.45,17.53,17.42,17.35,74058.81,0.01,0.06,17.296,17.285,17.31,72773.15,77571.71,91288.92,1.1
2016-09-07,17.37,17.53,17.41,17.28,101620.98,0.04,0.23,17.23,17.233,17.284,73938.43,78198.91,91222.92,1.51
2016-09-06,17.2,17.37,17.37,17.01,87510.89,0.23,1.34,17.22,17.205,17.269,66200.67,75874.37,91174.23,1.3
2016-09-05,17.25,17.29,17.14,17.12,42266.09,0.0,0.0,17.238,17.174,17.264,68654.76,78656.81,92396.75,0.63
2016-09-02,17.08,17.24,17.14,17.03,58408.97,0.05,0.29,17.268,17.193,17.254,73817.75,84141.05,94636.7,0.87
2016-09-01,17.25,17.31,17.09,17.08,79885.21,-0.27,-1.55,17.274,17.251,17.241,82370.28,94174.35,94907.39,1.19
2016-08-31,17.5,17.5,17.36,17.25,62932.18,-0.1,-0.57,17.236,17.298,17.237,82459.39,95359.32,95852.52,0.93
2016-08-30,17.36,17.52,17.46,17.31,99781.35,0.17,0.98,17.19,17.312,17.203,85548.06,97893.69,97800.98,1.48
2016-08-29,17.13,17.34,17.29,17.1,68081.04,0.12,0.7,17.11,17.314,17.175,88658.87,100392.38,96056.73,1.01
2016-08-26,17.06,17.31,17.17,17.06,101171.62,0.27,1.6,17.118,17.332,17.149,94464.35,106423.94,96581.82,1.5
2016-08-25,17.0,17.0,16.9,16.7,80330.75,-0.23,-1.34,17.228,17.335,17.147,105978.42,105006.13,95254.65,1.19
2016-08-24,17.12,17.2,17.13,17.05,78375.55,0.07,0.41,17.36,17.335,17.169,108259.25,104246.92,95923.23,1.16
2016-08-23,17.21,17.34,17.06,16.96,115335.37,-0.27,-1.56,17.434,17.332,17.19,110239.32,106474.1,101652.64,1.71
2016-08-22,17.6,17.7,17.33,17.27,97108.45,-0.39,-2.2,17.518,17.354,17.273,112125.9,106136.68,99594.37,1.44
2016-08-19,17.71,18.07,17.72,17.7,158741.97,0.16,0.91,17.546,17.315,17.339,118383.53,105132.36,98576.0,2.36
2016-08-18,17.55,17.59,17.56,17.44,91734.91,0.06,0.34,17.442,17.231,17.375,104033.84,95640.43,98888.66,1.36
2016-08-17,17.59,17.63,17.5,17.39,88275.91,0.02,0.11,17.31,17.175,17.448,100234.59,96345.71,99829.82,1.31
2016-08-16,17.58,17.61,17.48,17.4,124768.26,0.01,0.06,17.23,17.093,17.531,102708.87,97708.27,100055.08,1.85
2016-08-15,17.26,17.58,17.47,17.13,128396.61,0.27,1.57,17.19,17.035,17.617,100147.46,91721.08,99983.17,1.91
2016-08-12,17.04,17.24,17.2,16.91,86993.5,0.3,1.77,17.084,16.965,17.711,91881.18,86739.69,100052.29,1.29
2016-08-11,17.07,17.16,16.9,16.86,72738.69,-0.2,-1.17,17.02,16.958,17.838,87247.01,85503.18,102587.15,1.08
2016-08-10,17.27,17.36,17.1,17.07,100647.3,-0.18,-1.04,17.04,17.003,17.983,92456.83,87599.54,106234.61,1.49
2016-08-09,16.93,17.35,17.28,16.93,111961.21,0.34,2.01,16.956,17.048,18.125,92707.66,96831.19,112957.63,1.66
2016-08-08,16.75,16.95,16.94,16.5,87065.2,0.06,0.35,16.88,17.191,18.242,83294.71,93052.07,117560.95,1.29
2016-08-05,17.0,17.0,16.88,16.85,63822.67,-0.12,-0.71,16.846,17.362,18.359,81598.2,92019.64,120229.34,0.95
2016-08-04,16.84,17.11,17.0,16.78,98787.77,0.32,1.92,16.896,17.519,18.486,83759.35,102136.89,123910.03,1.47
2016-08-03,16.88,16.88,16.68,16.6,101901.45,-0.22,-1.3,16.966,17.721,18.623,82742.25,103313.92,130837.81,1.51
2016-08-02,16.78,17.0,16.9,16.7,64896.44,0.13,0.78,17.14,17.968,18.754,100954.71,102401.89,133170.66,0.96
2016-08-01,17.14,17.15,16.77,16.68,78582.68,-0.36,-2.1,17.502,18.198,18.881,102809.43,108245.26,136687.88,1.17
2016-07-29,17.39,17.45,17.13,17.04,74628.4,-0.22,-1.27,17.878,18.457,19.017,102441.08,113364.9,141558.39,1.11
2016-07-28,17.6,17.61,17.35,17.1,93702.26,-0.2,-1.14,18.142,18.718,19.108,120514.44,119671.12,145683.43,1.39
2016-07-27,18.73,18.8,17.55,17.22,192963.77,-1.16,-6.2,18.476,18.962,19.205,123885.6,124869.68,149605.69,2.86
2016-07-26,18.6,18.76,18.71,18.56,74170.05,0.06,0.32,18.796,19.202,19.297,103849.07,129084.07,149515.57,1.1
2016-07-25,18.46,18.83,18.65,18.41,76740.94,0.2,1.08,18.894,19.293,19.32,113681.09,142069.83,156439.32,1.14
2016-07-22,19.0,19.04,18.45,18.44,164995.19,-0.57,-3.0,19.036,19.356,19.357,124288.71,148439.04,161526.95,2.45
2016-07-21,19.21,19.26,19.02,19.01,110558.05,-0.13,-0.68,19.294,19.452,19.375,118827.79,145683.17,165234.02,1.64
2016-07-20,19.14,19.42,19.15,19.14,92781.11,-0.05,-0.26,19.448,19.524,19.395,125853.76,158361.7,168364.06,1.38
2016-07-19,19.35,19.35,19.2,19.01,123330.15,-0.16,-0.83,19.608,19.539,19.438,154319.07,163939.44,171558.42,1.83
2016-07-18,19.7,19.71,19.36,19.25,129779.05,-0.38,-1.93,19.692,19.563,19.474,170458.56,165130.49,177264.71,1.93
2016-07-15,19.89,20.1,19.74,19.63,137690.58,-0.05,-0.25,19.676,19.577,19.532,172589.37,169751.89,177849.08,2.04
2016-07-14,19.73,19.94,19.79,19.6,145687.89,-0.16,-0.8,19.61,19.498,19.569,172538.56,171695.75,181027.24,2.16
2016-07-13,19.83,20.26,19.95,19.83,235107.7,0.33,1.68,19.6,19.447,19.624,190869.65,174341.69,186413.39,3.49
2016-07-12,19.3,19.62,19.62,19.15,204027.59,0.34,1.76,19.47,19.391,19.673,173559.81,169947.07,188742.26,3.03
2016-07-11,19.3,19.63,19.28,19.24,140433.09,-0.13,-0.67,19.434,19.346,19.69,159802.42,170808.81,187732.12,2.08
2016-07-08,19.51,19.65,19.41,19.37,137436.52,-0.33,-1.67,19.478,19.357,19.71,166914.42,174614.86,196963.5,2.04
2016-07-07,19.39,19.75,19.74,19.12,237343.36,0.44,2.28,19.386,19.297,19.808,170852.94,184784.88,213653.62,3.52
2016-07-06,19.3,19.35,19.3,19.05,148558.48,-0.14,-0.72,19.294,19.266,19.842,157813.73,178366.41,218502.8,2.2
2016-07-05,19.5,19.58,19.44,19.28,135240.66,-0.06,-0.31,19.312,19.336,19.928,166334.33,179177.4,237119.21,2.01
2016-07-04,18.94,19.55,19.5,18.84,175993.06,0.55,2.9,19.258,19.385,19.923,181815.19,189398.93,241897.83,2.61
2016-07-01,19.23,19.37,18.95,18.91,157129.16,-0.33,-1.71,19.236,19.486,19.917,182315.3,185946.27,241573.47,2.33
2016-06-30,19.69,19.76,19.28,19.15,172147.3,-0.11,-0.57,19.208,19.639,19.938,198716.81,190358.72,248058.37,2.55
2016-06-29,19.37,19.8,19.39,19.36,191161.48,0.22,1.15,19.238,19.801,19.932,198919.08,198485.08,250541.06,2.88
2016-06-28,19.21,19.35,19.17,18.8,212644.94,-0.22,-1.14,19.36,19.954,19.878,192020.48,207537.44,246560.3,3.2
2016-06-27,18.7,19.41,19.39,18.61,178493.62,0.58,3.08,19.512,20.034,19.854,196982.67,204655.44,244930.66,2.69
2016-06-24,19.48,19.79,18.81,18.15,239136.7,-0.62,-3.19,19.736,20.063,19.836,189577.24,219312.15,246247.21,3.6
2016-06-23,20.01,20.08,19.43,19.33,173158.67,-0.57,-2.85,20.07,20.318,19.817,182000.63,242522.36,242734.18,2.61
2016-06-22,19.72,20.02,20.0,19.54,156668.45,0.07,0.35,20.364,20.417,19.784,198051.08,258639.18,243769.82,2.36
2016-06-21,20.83,20.96,19.93,19.68,237455.92,-0.58,-2.83,20.548,20.519,19.754,223054.4,295061.02,248265.29,3.57
2016-06-20,20.49,20.94,20.51,20.3,141466.48,0.03,0.15,20.556,20.46,19.732,212328.21,294396.73,250025.84,2.13
2016-06-17,20.8,20.99,20.48,20.41,201253.64,-0.42,-2.01,20.39,20.348,19.652,249047.06,297200.66,254897.89,3.03
2016-06-16,20.7,21.36,20.9,20.53,253410.89,-0.02,-0.1,20.566,20.236,19.586,303044.09,305758.03,261898.97,3.81
2016-06-15,19.55,21.2,20.92,19.51,281685.09,0.95,4.76,20.47,20.062,19.49,319227.29,302597.04,267351.65,4.24
2016-06-14,19.7,19.97,19.97,19.4,183824.95,0.29,1.47,20.49,19.801,19.34,367067.63,285583.16,261096.91,2.77
2016-06-13,20.8,21.16,19.68,19.68,325060.72,-1.68,-7.87,20.364,19.674,19.228,376465.25,285205.87,260830.14,4.89
2016-06-08,20.38,21.67,21.36,20.35,471238.78,0.94,4.6,20.306,19.608,19.149,345354.27,273182.28,255122.52,7.09
2016-06-07,20.8,20.8,20.42,20.31,334326.91,-0.6,-2.85,19.906,19.315,18.966,308471.97,242946.01,241090.6,5.03
2016-06-06,19.4,21.27,21.02,19.4,520886.81,1.68,8.69,19.654,19.15,18.815,285966.78,228900.45,231746.39,7.84
2016-06-03,19.47,19.69,19.34,19.2,230813.03,-0.05,-0.26,19.112,18.988,18.63,204098.68,201469.56,218952.22,3.47
2016-06-02,19.2,19.52,19.39,19.19,169505.81,0.03,0.15,18.984,19.004,18.583,193946.49,205654.96,229087.26,2.55
2016-06-01,19.2,19.8,19.36,19.12,286827.31,0.2,1.04,18.91,18.956,18.603,201010.29,212595.12,238874.95,4.32
2016-05-31,18.4,19.3,19.16,18.33,221800.95,0.85,4.64,18.724,18.935,18.581,177420.04,218039.91,237297.73,3.34
2016-05-30,18.6,18.62,18.31,18.19,111546.31,-0.39,-2.09,18.646,18.918,18.589,171834.11,232106.25,241692.32,1.68
2016-05-27,19.02,19.17,18.7,18.7,180052.09,-0.32,-1.68,18.864,18.878,18.611,198840.43,236610.67,247901.38,2.71
2016-05-26,18.44,19.02,19.02,18.18,204824.78,0.59,3.2,19.024,18.781,18.624,217363.42,236454.4,258496.25,3.08
2016-05-25,18.95,18.99,18.43,18.3,168876.08,-0.34,-1.81,19.002,18.689,18.642,224179.96,237062.76,276674.13,2.54
2016-05-24,19.3,19.31,18.77,18.65,193871.31,-0.63,-3.25,19.146,18.616,18.658,258659.78,239235.18,300781.28,2.92
2016-05-23,19.43,19.63,19.4,19.2,246577.91,-0.1,-0.51,19.19,18.479,18.625,292378.4,234592.33,306533.52,3.71
2016-05-20,18.6,19.5,19.5,18.53,272667.03,0.62,3.28,18.892,18.272,18.478,274380.9,236434.88,299810.72,4.1
2016-05-19,19.0,19.32,18.91,18.88,238907.47,-0.24,-1.25,18.538,18.162,18.33,255545.38,252519.55,299556.34,3.6
2016-05-18,18.7,19.35,19.15,18.52,341275.19,0.16,0.84,18.376,18.249,18.18,249945.57,265154.77,300752.76,5.14
2016-05-17,18.15,19.36,18.99,18.15,362464.38,1.08,6.03,18.086,18.227,18.06,219810.58,256555.55,300536.23,5.46
2016-05-16,17.4,17.96,17.91,17.22,156590.44,0.18,1.01,17.768,18.26,17.99,176806.27,251278.38,296092.98,2.36
2016-05-13,18.0,18.31,17.73,17.52,178489.44,-0.37,-2.04,17.652,18.343,17.948,198488.87,259192.1,297017.55,2.69
2016-05-12,17.29,18.16,18.1,16.91,210908.38,0.4,2.26,17.786,18.467,17.925,249493.72,280538.1,301569.3,3.17
2016-05-11,17.66,17.94,17.7,17.31,190600.27,0.3,1.72,18.122,18.594,17.865,280363.98,316285.5,304679.8,2.87
2016-05-10,17.33,17.55,17.4,17.02,147442.83,0.07,0.4,18.368,18.699,17.795,293300.52,362327.38,303768.67,2.22
2016-05-09,18.01,18.14,17.33,17.0,265003.41,-1.07,-5.82,18.752,18.77,17.707,325750.49,378474.7,300455.28,3.99
2016-05-06,20.0,20.18,18.4,18.38,433513.72,-1.38,-6.98,19.034,18.683,17.628,319895.33,363186.56,293178.59,6.53
2016-05-05,18.94,19.85,19.78,18.86,365259.66,0.85,4.49,19.148,18.497,17.514,311582.48,346593.14,279199.1,5.5
2016-05-04,19.15,19.44,18.93,18.84,255282.98,-0.39,-2.02,19.066,18.11,17.308,352207.02,336350.74,266270.91,3.84
2016-05-03,18.8,19.5,19.32,18.52,309692.69,0.58,3.1,19.03,17.893,17.156,431354.24,344516.9,260723.8,4.66
2016-04-29,18.89,19.13,18.74,18.47,235727.58,-0.23,-1.21,18.788,17.72,17.013,431198.92,340907.57,256384.28,3.55
2016-04-28,19.3,19.37,18.97,18.3,391949.47,-0.4,-2.06,18.332,17.552,16.951,406477.8,334843.0,258327.27,5.9
2016-04-27,18.61,19.85,19.37,18.61,568382.38,0.62,3.31,17.846,17.383,16.837,381603.8,322600.49,245261.76,8.56
2016-04-26,18.3,19.37,18.75,18.28,651019.06,0.64,3.53,17.154,17.135,16.673,320494.46,293074.1,224857.11,9.8
2016-04-25,16.48,18.11,18.11,16.4,308916.09,1.65,10.02,16.756,16.89,16.557,257679.56,245209.96,199949.76,4.65
2016-04-22,16.36,16.5,16.46,16.13,112122.01,-0.08,-0.48,16.652,16.644,16.459,250616.22,222435.86,191847.11,1.69
2016-04-21,15.9,16.77,16.54,15.9,267579.44,0.63,3.96,16.772,16.573,16.406,263208.2,223170.62,193100.74,4.03
2016-04-20,16.74,16.96,15.91,15.5,262835.69,-0.85,-5.07,16.92,16.531,16.33,263597.19,211805.07,188799.29,3.96
2016-04-19,17.59,17.59,16.76,15.83,336944.59,-0.83,-4.72,17.116,16.506,16.353,265653.74,196191.07,184103.72,5.07
2016-03-23,17.04,17.85,17.59,17.0,273599.38,0.53,3.11,17.024,16.418,16.317,232740.36,176930.69,180539.94,4.12
2016-03-22,17.03,17.35,17.06,16.97,175081.89,-0.22,-1.27,16.636,16.306,16.317,194255.49,171860.99,174961.23,2.64
2016-03-21,17.0,17.39,17.28,16.91,269524.41,0.39,2.31,16.374,16.35,16.348,183133.04,181811.54,181469.77,4.06
2016-03-18,16.49,17.0,16.89,16.49,273118.41,0.59,3.62,16.142,16.29,16.347,160012.94,167923.03,177445.56,4.11
2016-03-17,15.85,16.33,16.3,15.76,172377.69,0.65,4.15,15.896,16.21,16.336,126728.41,156640.11,169652.72,2.59
2016-03-16,15.75,15.99,15.65,15.5,81175.04,-0.1,-0.64,15.812,16.224,16.358,121121.03,154689.56,171657.67,1.22
2016-03-15,16.0,16.07,15.75,15.61,119469.63,-0.37,-2.29,15.976,16.273,16.418,149466.5,161258.36,175097.37,1.8
2016-03-14,15.9,16.32,16.12,15.74,153923.95,0.46,2.94,16.326,16.239,16.473,180490.04,163030.86,179480.92,2.32
2016-03-11,15.5,15.75,15.66,15.36,106695.75,-0.22,-1.39,16.438,16.128,16.463,175833.12,165793.51,175726.74,1.61
2016-03-10,16.74,16.8,15.88,15.79,144340.8,-0.59,-3.58,16.524,16.199,16.494,186551.82,172016.37,176254.98,2.17
2016-03-09,16.91,17.12,16.47,16.32,222902.38,-1.03,-5.89,16.636,16.216,16.511,188258.08,184149.18,173987.06,3.36
2016-03-08,16.99,17.51,17.5,16.72,274587.34,0.82,4.92,16.57,16.327,16.485,173050.22,178061.47,167617.84,4.13
2016-03-07,16.6,16.88,16.68,16.4,130639.33,0.59,3.67,16.152,16.346,16.422,145571.67,181128.0,159395.74,1.97
2016-03-04,16.65,16.88,16.09,15.86,160289.23,-0.35,-2.13,15.818,16.403,16.383,155753.91,186968.09,159199.72,2.41
2016-03-03,16.17,16.64,16.44,16.17,152872.12,0.3,1.86,15.874,16.461,16.369,157480.93,182665.33,159156.83,2.3
2016-03-02,15.37,16.3,16.14,15.37,146863.09,0.73,4.74,15.796,16.491,16.28,180040.29,188625.78,157256.61,2.21
2016-03-01,15.01,15.57,15.41,14.95,137194.58,0.4,2.67,16.084,16.563,16.239,183072.71,188936.37,157361.36,2.07
2016-02-29,16.37,16.38,15.01,14.9,181550.52,-1.36,-8.31,16.54,16.707,16.257,216684.33,195930.98,158703.19,2.73
2016-02-26,16.28,16.74,16.37,15.99,168924.34,0.32,1.99,16.988,16.797,16.382,218182.27,185659.97,156868.06,2.54
2016-02-25,17.55,18.1,16.05,15.9,265668.91,-1.53,-8.7,17.048,16.789,16.427,207849.74,180493.58,156116.49,4.0
2016-02-24,17.32,17.65,17.58,17.05,162025.2,-0.11,-0.62,17.186,16.805,16.443,197211.26,163824.94,149458.5,2.44
2016-02-23,17.38,18.23,17.69,17.35,305252.69,0.44,2.55,17.042,16.642,16.431,194800.04,157174.2,147830.95,4.6
2016-02-22,16.85,17.25,17.25,16.68,189040.23,0.58,3.48,16.874,16.498,16.421,175177.64,137663.47,140850.64,2.85
2016-02-19,16.58,16.81,16.67,16.5,117261.67,-0.07,-0.42,16.606,16.363,16.405,153137.66,131431.34,138307.31,1.77
2016-02-18,17.3,17.41,16.74,16.72,212476.53,-0.12,-0.71,16.53,16.276,16.403,153137.42,135648.32,141636.85,3.2
2016-02-17,16.7,16.89,16.86,16.51,149969.08,0.01,0.06,16.424,16.069,16.433,130438.62,125887.44,139478.81,2.26
2016-02-16,16.08,16.94,16.85,16.01,207140.67,0.94,5.91,16.242,15.915,16.436,119548.37,125786.35,138384.78,3.12
2016-02-15,15.55,16.09,15.91,15.5,78840.37,-0.38,-2.33,16.122,15.806,16.485,100149.31,121475.39,135752.63,1.19
2016-02-05,16.2,16.5,16.29,16.04,117260.45,0.08,0.49,16.12,15.966,16.589,109725.02,128076.15,141626.07,1.77
2016-02-04,16.34,16.48,16.21,16.11,98982.55,0.26,1.63,16.022,16.064,16.775,118159.21,131739.41,146828.16,1.49
2016-02-03,15.99,16.07,15.95,15.52,95517.8,-0.3,-1.85,15.714,16.081,16.971,121336.26,135092.05,144752.73,1.44
2016-02-02,15.7,16.31,16.25,15.65,110145.39,0.35,2.2,15.588,16.219,17.289,132024.34,138487.69,148537.86,1.66
2016-02-01,15.7,16.03,15.9,15.41,126718.93,0.1,0.63,15.49,16.344,17.562,142801.47,144037.8,154705.85,1.91
2016-01-29,14.92,15.92,15.8,14.86,159431.39,1.13,7.7,15.812,16.446,17.913,146427.27,145183.27,155810.44,2.4
2016-01-28,15.15,15.55,14.67,14.55,114867.78,-0.65,-4.24,16.106,16.53,18.392,145319.6,147625.38,153338.1,1.73
2016-01-27,15.99,16.0,15.32,14.55,148958.2,-0.44,-2.79,16.448,16.796,18.953,148847.85,153070.19,154934.49,2.24
2016-01-26,17.09,17.15,15.76,15.76,164031.03,-1.75,-9.99,16.85,16.956,19.489,144951.03,150983.2,157462.75,2.47
2016-01-25,17.6,17.83,17.51,17.38,144847.94,0.24,1.39,17.198,17.163,19.966,145274.13,150029.87,160467.65,2.18
2016-01-22,16.7,17.36,17.27,16.29,153893.06,0.89,5.43,17.08,17.212,20.4,143939.27,155176.0,169046.15,2.32
2016-01-21,16.9,17.48,16.38,16.36,132509.0,-0.95,-5.48,16.954,17.485,20.808,149931.15,161916.92,169735.58,1.99
2016-01-20,17.4,17.59,17.33,17.08,129474.14,-0.17,-0.97,17.144,17.86,21.253,157292.52,154413.41,170949.6,1.95
2016-01-19,16.93,17.56,17.5,16.77,165646.5,0.58,3.43,17.062,18.359,21.672,157015.38,158588.03,175115.08,2.49
2016-01-18,16.09,17.26,16.92,16.09,138173.64,0.28,1.68,17.128,18.779,22.054,154785.61,165373.9,174068.52,2.08
2016-01-15,17.41,17.8,16.64,16.53,183852.48,-0.69,-3.98,17.344,19.379,22.457,166412.73,166437.6,175325.26,2.77
2016-01-14,16.13,17.51,17.33,16.02,169315.86,0.41,2.42,18.016,20.253,22.904,173902.69,159050.82,173887.57,2.55
2016-01-13,18.06,18.15,16.92,16.9,128088.4,-0.91,-5.1,18.576,21.109,23.3,151534.3,156798.79,174025.1,1.93
2016-01-12,17.85,18.25,17.83,17.31,154497.67,-0.17,-0.94,19.656,22.022,23.695,160160.68,163942.29,172408.42,2.33
2016-01-11,19.5,19.88,18.0,18.0,196309.22,-2.0,-10.0,20.43,22.769,24.044,175962.19,170905.44,170170.75,2.96
2016-01-08,20.5,20.69,20.0,18.68,221302.31,-0.13,-0.65,21.414,23.588,24.357,166462.48,182916.29,165879.72,3.33
2016-01-07,22.01,22.02,20.13,20.09,57473.92,-2.19,-9.81,22.49,24.13,24.593,144198.95,177554.24,160801.24,0.87
2016-01-06,21.78,22.33,22.32,21.57,171220.27,0.62,2.86,23.642,24.645,24.837,162063.28,187485.78,165274.34,2.58
2016-01-05,22.0,22.89,21.7,20.81,233505.23,-1.22,-5.32,24.388,24.985,25.008,167723.91,191642.12,166790.93,3.52
2016-01-04,25.4,25.65,22.92,22.89,148810.69,-2.46,-9.69,25.108,25.329,25.263,165848.68,182763.13,170299.55,2.24
2015-12-31,25.8,26.09,25.38,25.35,109984.64,-0.51,-1.97,25.762,25.535,25.383,199370.1,184212.92,172868.81,1.66
2015-12-30,26.05,26.17,25.89,25.58,146795.58,-0.16,-0.61,25.77,25.554,25.377,210909.52,188724.32,175098.56,2.21
2015-12-29,25.8,26.44,26.05,25.5,199523.39,0.75,2.96,25.648,25.49,25.333,212908.29,191251.4,175641.59,3.0
2015-12-28,26.37,26.49,25.3,25.28,224129.12,-0.89,-3.4,25.582,25.367,25.279,215560.34,180874.55,174900.26,3.37
2015-12-25,25.49,26.78,26.19,23.8,316417.78,0.77,3.03,25.55,25.318,25.25,199677.58,169436.07,179028.32,4.76
2015-12-24,25.55,25.99,25.42,25.22,167681.73,0.14,0.55,25.308,25.126,25.216,169055.74,148843.15,178228.0,2.52
2015-12-23,25.7,25.7,25.28,25.11,156789.41,-0.44,-1.71,25.338,25.055,25.315,166539.13,144048.25,182371.25,2.36
2015-12-22,25.01,25.85,25.72,25.0,212783.66,0.58,2.31,25.332,25.029,25.444,169594.51,143062.9,187455.18,3.2
2015-12-21,24.82,25.28,25.14,24.73,144715.3,0.16,0.64,25.152,25.03,25.564,146188.77,141939.75,189944.59,2.18
2015-12-18,25.5,25.54,24.98,24.82,163308.61,-0.59,-2.31,25.086,25.196,25.676,139194.56,157835.98,199004.68,2.46
2015-12-17,25.29,25.64,25.57,25.2,155098.66,0.32,1.27,24.944,25.231,25.817,128630.55,161524.69,210758.48,2.33
2015-12-16,25.05,25.84,25.25,24.79,172066.34,0.43,1.73,24.772,25.2,25.893,121557.37,161472.79,212251.65,2.59
2015-12-15,24.92,25.15,24.82,24.71,95754.92,0.01,0.04,24.726,25.175,25.951,116531.29,160031.79,211300.93,1.44
2015-12-14,24.02,24.85,24.81,23.98,109744.27,0.54,2.23,24.908,25.19,26.056,137690.73,168925.96,219667.33,1.65
2015-12-11,24.66,24.82,24.27,24.2,110488.55,-0.44,-1.78,25.306,25.181,26.178,176477.39,188620.57,230341.38,1.66
2015-12-10,25.08,25.38,24.71,24.6,119732.76,-0.31,-1.24,25.518,25.306,26.271,194418.83,207612.86,237352.71,1.8
2015-12-09,25.48,25.69,25.02,24.9,146935.94,-0.71,-2.76,25.628,25.574,26.39,201388.22,220694.26,244657.04,2.21
2015-12-08,26.5,26.68,25.73,25.72,201552.12,-1.07,-3.99,25.624,25.859,26.518,203532.29,231847.46,250656.37,3.03
2015-12-07,25.35,26.99,26.8,25.22,303677.59,1.47,5.8,25.472,26.097,26.599,200161.2,237949.43,256171.12,4.57
2015-12-04,25.25,25.89,25.33,25.05,200195.75,0.07,0.28,25.056,26.155,26.638,200763.74,240173.38,262622.35,3.01
2015-12-03,24.9,25.37,25.26,24.76,154579.7,0.26,1.04,25.094,26.402,26.72,220806.88,259992.27,267852.39,2.33
2015-12-02,24.7,25.09,25.0,24.25,157656.27,0.03,0.12,25.52,26.586,26.79,240000.29,263030.52,276052.42,2.37
2015-12-01,24.87,25.17,24.97,24.4,184696.69,0.25,1.01,26.094,26.727,26.889,260162.63,262570.07,285553.54,2.78
2015-11-30,25.7,25.89,24.72,23.42,306690.31,-0.8,-3.13,26.722,26.921,26.934,275737.66,270408.69,283549.96,4.62
2015-11-27,27.38,27.9,25.52,24.9,300411.44,-1.87,-6.83,27.254,27.174,27.004,279583.02,272062.19,277388.78,4.52
2015-11-26,28.11,28.16,27.39,27.3,250546.75,-0.48,-1.72,27.71,27.236,27.031,299177.65,267092.56,271496.28,3.77
2015-11-25,28.2,28.29,27.87,27.7,258467.98,-0.24,-0.85,27.652,27.205,26.984,286060.74,268619.82,268145.35,3.89
2015-11-24,27.38,28.18,28.11,27.22,262571.84,0.73,2.67,27.36,27.177,26.904,264977.51,269465.28,266747.24,3.95
2015-11-23,27.8,28.35,27.38,27.3,325917.09,-0.42,-1.51,27.12,27.101,26.841,265079.71,274392.81,268575.46,4.91
2015-11-20,27.02,27.96,27.8,26.9,398384.59,0.7,2.58,27.094,27.12,26.843,264541.37,285071.33,272123.15,6.0
2015-11-19,26.6,27.27,27.1,26.51,184962.19,0.69,2.61,26.762,27.037,26.792,235007.46,275712.51,272493.65,2.78
2015-11-18,26.99,27.18,26.41,26.3,153051.84,-0.5,-1.86,26.758,26.993,26.78,251178.9,289074.32,289028.01,2.3
2015-11-17,27.51,27.6,26.91,26.82,263082.84,-0.34,-1.25,26.994,27.051,26.78,273953.06,308537.0,311132.3,3.96
2015-11-16,25.56,27.5,27.25,25.46,323225.38,1.11,4.25,27.082,26.946,26.898,283705.91,296691.23,319261.46,4.86
2015-11-13,26.85,26.86,26.14,26.03,250715.06,-0.94,-3.47,27.146,26.834,26.99,305601.29,282715.37,323362.38,3.77
2015-11-12,27.56,27.62,27.08,26.97,265819.38,-0.51,-1.85,27.312,26.825,27.127,316417.55,275900.0,331045.39,4.0
2015-11-11,27.42,27.69,27.59,27.25,266922.62,0.24,0.88,27.228,26.762,27.228,326969.74,267670.89,341958.56,4.02
2015-11-10,27.34,27.75,27.35,27.05,311847.12,-0.22,-0.8,27.108,26.63,27.298,343120.94,264029.19,356928.26,4.69
2015-11-09,26.6,27.93,27.57,26.42,432702.25,0.6,2.23,26.81,26.58,27.353,309676.54,262758.12,379891.08,6.51
2015-11-06,26.85,27.2,26.97,26.68,304796.38,0.31,1.16,26.522,26.565,27.444,259829.44,259174.98,430147.08,4.59
2015-11-05,27.0,27.13,26.66,26.51,318580.31,-0.33,-1.22,26.338,26.546,27.712,235382.44,269274.8,415238.86,4.79
2015-11-04,26.01,27.09,26.99,26.01,347678.66,1.13,4.37,26.296,26.567,28.176,208372.04,288981.7,399586.7,5.23
2015-11-03,26.23,26.39,25.86,25.76,144625.12,-0.27,-1.03,26.152,26.508,28.623,184937.45,313727.61,382435.42,2.18
2015-11-02,25.6,26.4,26.13,25.4,183466.75,0.08,0.31,26.35,26.85,29.326,215839.69,341831.7,375288.26,2.76
2015-10-30,26.51,26.51,26.05,25.81,182561.38,-0.4,-1.51,26.608,27.145,30.247,258520.52,364009.4,399295.57,2.75
2015-10-29,26.5,26.68,26.45,26.21,183528.28,0.18,0.69,26.754,27.428,30.969,303167.15,386190.79,409619.23,2.76
2015-10-28,26.58,26.92,26.27,26.02,230505.7,-0.58,-2.16,26.838,27.694,31.63,369591.36,416246.23,417239.25,3.47
2015-10-27,27.1,27.32,26.85,25.9,299136.34,-0.57,-2.08,26.864,27.966,32.296,442517.77,449827.33,421043.62,4.5
2015-10-26,27.13,28.12,27.42,26.9,396870.88,0.64,2.39,27.35,28.126,32.9,467823.7,497024.04,423175.25,5.97
2015-10-23,26.7,26.95,26.78,26.22,405794.56,-0.09,-0.34,27.682,28.322,33.493,469498.29,601119.19,417155.77,6.11
2015-10-22,26.2,26.96,26.87,25.25,515649.31,0.47,1.78,28.102,28.878,34.106,469214.42,561202.93,413241.13,7.76
2015-10-21,29.28,29.48,26.4,26.39,595137.75,-2.88,-9.84,28.55,29.784,34.666,462901.11,510191.7,401800.06,8.96
2015-10-20,29.0,29.41,29.28,28.75,425666.0,0.2,0.69,29.068,30.737,35.256,457136.89,451143.22,387735.4,6.41
2015-10-19,28.78,29.1,29.08,28.57,405243.81,0.2,0.69,28.902,31.801,35.665,526224.37,408744.82,379011.26,6.1
2015-10-16,29.4,29.53,28.88,28.62,404375.25,-0.23,-0.79,28.962,33.348,36.094,732740.08,434581.74,371485.64,6.09
2015-10-15,28.65,29.28,29.11,28.28,484082.72,0.12,0.41,29.654,34.51,36.515,653191.43,433047.68,362909.72,7.29
2015-10-14,28.48,29.38,28.99,28.48,566316.69,0.54,1.9,31.018,35.566,36.879,557482.29,418232.27,348270.05,8.52
2015-10-13,28.0,28.8,28.45,27.98,771103.38,-0.93,-3.17,32.406,36.625,37.22,445149.55,392259.91,331212.29,11.61
2015-10-12,29.11,30.55,29.38,29.11,1437822.38,-2.96,-9.15,34.7,37.674,37.655,291265.28,349326.46,303550.44,21.64
2015-10-09,32.34,32.34,32.34,32.34,6632.0,-3.59,-9.99,37.734,38.664,38.082,136423.4,233192.36,243927.09,0.1
2015-10-08,35.93,35.93,35.93,35.93,5537.0,-3.99,-9.99,39.366,39.334,38.384,212903.92,265279.32,252533.01,0.08
2015-10-07,35.93,39.91,35.93,35.93,4653.0,-3.99,-9.99,40.114,39.547,38.482,278982.24,293408.42,263101.78,0.07
2015-09-30,39.92,39.92,39.92,39.92,1682.0,-4.43,-9.99,40.844,39.774,38.607,339370.27,324327.57,273235.34,0.03
2015-05-26,40.53,44.55,44.55,40.53,663613.0,4.05,10.0,40.648,39.528,38.518,407387.65,349277.69,297795.22,11.16
2015-05-25,39.67,40.79,40.5,39.39,389034.62,0.83,2.09,39.594,38.839,38.332,329961.32,308389.54,285687.89,6.54
2015-05-22,39.98,40.2,39.67,39.26,335928.59,0.09,0.23,39.302,38.519,38.32,317654.72,292771.77,282403.04,5.65
2015-05-21,38.92,39.9,39.58,38.6,306593.12,0.64,1.64,38.98,38.192,38.38,307834.61,278307.84,291332.41,5.16
2015-05-20,39.19,39.96,38.94,38.86,341768.91,-0.34,-0.87,38.704,37.814,38.481,309284.88,270164.67,297749.41,5.75
2015-05-19,39.04,39.64,39.28,38.67,276481.38,0.24,0.61,38.408,37.636,38.598,291167.73,257774.42,303403.56,4.65
2015-05-18,37.67,39.37,39.04,37.52,327501.62,0.98,2.58,38.084,37.5,38.606,286817.75,254661.83,312482.47,5.51
2015-05-15,38.0,38.77,38.06,37.8,286828.0,-0.14,-0.37,37.736,37.434,38.639,267888.82,239786.7,320430.49,4.82
2015-05-14,37.21,38.47,38.2,37.0,313844.47,0.74,1.98,37.404,37.416,38.664,248781.07,232795.14,318917.81,5.28
2015-05-13,37.66,37.95,37.46,37.15,251183.19,-0.2,-0.53,36.924,37.44,38.646,231044.46,222143.1,317011.7,4.22
2015-05-12,37.48,37.88,37.66,37.2,254731.48,0.36,0.96,36.864,37.508,38.732,224381.1,246312.75,318962.57,4.28
2015-05-11,36.79,37.3,37.3,36.57,232856.94,0.9,2.47,36.916,37.824,38.829,222505.9,262986.24,325689.36,3.92
2015-05-08,36.01,36.55,36.4,35.8,191289.27,0.6,1.68,37.132,38.121,38.903,211684.59,272034.31,325356.48,3.22
2015-05-07,36.9,37.3,35.8,35.75,225161.44,-1.36,-3.66,37.428,38.568,38.992,216809.21,304356.97,333060.93,3.79
2015-05-06,38.01,38.55,37.16,36.82,217866.38,-0.76,-2.0,37.956,39.147,39.174,213241.74,325334.15,340859.62,3.66
2015-05-05,38.39,39.3,37.92,37.8,245355.48,-0.46,-1.2,38.152,39.56,39.336,268244.4,349032.7,353426.55,4.13
2015-05-04,37.9,38.55,38.38,37.72,178750.39,0.5,1.32,38.732,39.712,39.39,303466.58,370303.12,356297.74,3.01
2015-04-30,38.55,38.88,37.88,37.8,216912.38,-0.56,-1.46,39.11,39.843,39.427,332384.04,401074.28,365192.87,3.65
2015-04-29,38.12,38.74,38.44,37.93,207324.05,0.3,0.79,39.708,39.911,39.466,391904.74,405040.49,372307.61,3.49
2015-04-28,40.8,40.8,38.14,37.67,492879.72,-2.68,-6.57,40.338,39.852,39.466,437426.57,411880.29,389442.42,8.29
2015-04-27,40.35,41.61,40.82,40.32,421466.34,0.55,1.37,40.968,39.956,39.536,429820.99,391612.39,383998.35,7.09
2015-04-24,40.43,40.9,40.27,39.9,323337.69,-0.6,-1.47,40.692,39.835,39.464,437139.66,388392.49,381916.8,5.44
2015-04-23,40.9,41.3,40.87,40.41,514515.88,-0.72,-1.73,40.576,39.684,39.417,469764.51,378678.64,385362.63,8.65
2015-04-22,41.36,41.88,41.59,41.01,434933.22,0.3,0.73,40.114,39.415,39.326,418176.24,361764.89,377290.55,7.31
2015-04-21,39.68,41.36,41.29,39.67,454851.81,1.85,4.69,39.366,39.201,39.175,386334.01,356385.08,373447.7,7.65
2015-04-20,39.62,40.8,39.44,38.8,458059.69,-0.25,-0.63,38.944,39.112,39.024,353403.79,357820.4,367633.12,7.7
2015-04-17,38.92,40.36,39.69,38.66,486461.97,1.13,2.93,38.978,39.067,38.992,339645.32,342292.37,360677.23,8.18
2015-04-16,37.92,39.17,38.56,37.91,256574.5,0.71,1.88,38.792,39.011,38.934,287592.76,329311.46,350195.17,4.31
2015-04-15,39.1,39.1,37.85,37.36,275722.09,-1.33,-3.4,38.716,39.02,38.968,305353.54,339574.73,358706.14,4.64
2015-04-14,39.5,40.0,39.18,39.02,290200.69,-0.43,-1.09,39.036,39.08,39.08,326436.15,367004.55,367004.55,4.88
2015-04-13,38.82,39.98,39.61,38.45,389267.34,0.85,2.19,39.28,39.069,39.069,362237.01,375538.31,375538.31,6.55
2015-04-10,38.15,38.93,38.76,37.65,226199.2,0.58,1.52,39.156,39.001,39.001,344939.41,373822.18,373822.18,3.8
2015-04-09,39.22,39.4,38.18,37.48,345378.38,-1.27,-3.22,39.23,39.036,39.036,371030.15,394911.18,394911.18,5.81
2015-04-08,40.79,40.85,39.45,39.03,381135.12,-0.95,-2.35,39.324,39.178,39.178,373795.91,403166.65,403166.65,6.41
2015-04-07,39.38,40.49,40.4,39.07,469205.03,1.41,3.62,39.124,39.124,39.124,407572.95,407572.95,407572.95,7.89
2015-04-03,38.86,39.29,38.99,38.61,302779.34,-0.14,-0.36,38.805,38.805,38.805,392164.93,392164.93,392164.93,5.09
2015-04-02,38.98,39.17,39.13,38.5,356652.88,0.48,1.24,38.743,38.743,38.743,421960.13,421960.13,421960.13,6.0
2015-04-01,38.29,38.77,38.65,38.11,359207.19,0.2,0.52,38.55,38.55,38.55,454613.75,454613.75,454613.75,6.04
2015-03-31,39.07,39.6,38.45,38.1,550020.31,-1.9,-4.71,38.45,38.45,38.45,550020.31,550020.31,550020.31,9.25
