date,open,high,close,low,volume,price_change,p_change,ma5,ma10,ma20,v_ma5,v_ma10,v_ma20,turnover
2018-03-26,13.11,13.55,13.54,12.87,17894.39,0.43,3.28,13.784,14.224,14.283,29255.28,22362.7,22390.26,1.15
2018-03-23,13.34,13.88,13.11,12.9,36704.43,-0.5,-3.67,14.0,14.388,14.306,28383.6,25281.96,22334.04,2.36
2018-03-22,14.11,14.25,13.61,13.55,34698.5,-0.47,-3.34,14.268,14.559,14.333,23273.73,25848.75,21000.46,2.23
2018-03-21,14.68,14.85,14.08,13.9,45137.71,-0.5,-3.43,14.446,14.602,14.327,19566.02,23667.9,19901.18,2.9
2018-03-20,14.48,14.72,14.58,14.3,11841.35,-0.04,-0.27,14.6,14.589,14.286,13315.88,20711.14,18159.08,0.76
2018-03-19,14.47,14.78,14.62,14.2,13536.0,0.17,1.18,14.664,14.559,14.202,15470.12,20800.97,18269.46,0.87
2018-03-16,14.5,14.81,14.45,14.31,11155.1,-0.05,-0.34,14.776,14.537,14.111,22180.32,21574.27,18230.08,0.72
2018-03-15,14.53,14.85,14.5,14.22,16159.94,-0.35,-2.36,14.85,14.5,14.015,28423.77,21766.26,19690.52,1.04
2018-03-14,15.06,15.11,14.85,14.81,13887.02,-0.05,-0.34,14.758,14.484,13.933,27769.78,21997.46,20406.58,0.89
2018-03-13,15.11,15.15,14.9,14.85,22612.56,-0.28,-1.84,14.578,14.405,13.82,28106.4,22773.39,21053.79,1.45
2018-03-12,15.4,15.5,15.18,14.91,47087.0,0.36,2.43,14.454,14.341,13.709,26131.81,22417.82,23471.47,3.02
2018-03-09,14.35,14.87,14.82,14.35,42372.32,0.78,5.56,14.298,14.223,13.628,20968.21,19386.12,22169.62,2.72
2018-03-08,14.04,14.53,14.04,14.04,12890.0,0.09,0.65,14.15,14.107,13.58,15108.74,16152.18,21698.46,0.83
2018-03-07,14.21,14.28,13.95,13.05,15570.1,-0.33,-2.31,14.21,14.052,13.584,16225.14,16134.45,23309.4,1.0
2018-03-06,14.5,14.54,14.28,14.25,12739.62,-0.12,-0.83,14.232,13.982,13.587,17440.39,15607.03,23357.4,0.82
2018-03-05,14.35,14.66,14.4,14.23,21269.0,0.32,2.27,14.228,13.844,13.578,18703.83,15737.96,23454.98,1.37
2018-03-02,14.2,14.37,14.08,14.04,13075.0,-0.26,-1.81,14.148,13.684,13.562,17804.03,14885.89,23592.39,0.84
2018-03-01,13.97,14.38,14.34,13.9,18472.0,0.28,1.99,14.064,13.529,13.573,17195.61,17614.79,24227.02,1.19
2018-02-28,14.36,14.36,14.06,14.06,21646.32,-0.2,-1.4,13.894,13.381,13.582,16043.76,18815.69,25403.38,1.39
2018-02-27,13.9,14.41,14.26,13.85,19056.82,0.26,1.86,13.732,13.235,13.601,13773.67,19334.19,25405.74,1.22
2018-02-26,13.76,14.15,14.0,13.45,16770.0,0.34,2.49,13.46,13.076,13.598,12772.09,24525.11,25404.55,1.08
2018-02-23,13.5,13.8,13.66,13.49,10032.92,0.17,1.26,13.22,13.033,13.611,11967.75,24953.11,25818.98,0.64
2018-02-22,13.29,13.65,13.49,13.29,12712.73,0.24,1.81,12.994,13.052,13.638,18033.97,27244.75,26608.46,0.82
2018-02-14,12.77,13.4,13.25,12.77,10295.89,0.35,2.71,12.868,13.116,13.673,21587.62,30484.35,28723.2,0.66
2018-02-13,12.7,13.13,12.9,12.7,14048.89,0.1,0.78,12.738,13.192,13.693,24894.71,31107.76,29472.19,0.9
2018-02-12,12.79,13.0,12.8,12.6,12748.33,0.27,2.15,12.692,13.311,13.716,36278.14,31172.0,29531.95,0.82
2018-02-09,12.83,13.09,12.53,12.2,40364.0,-0.33,-2.57,12.846,13.44,13.737,37938.47,32298.89,30436.54,2.59
2018-02-08,12.6,13.16,12.86,12.43,30481.0,0.26,2.06,13.11,13.617,13.785,36455.53,30839.24,29561.97,1.96
2018-02-07,12.67,13.09,12.6,11.75,26831.34,-0.07,-0.55,13.364,13.783,13.812,39381.08,31991.08,29120.99,1.72
2018-02-06,13.32,13.68,12.67,12.51,70966.02,-0.9,-6.63,13.646,13.967,13.839,37320.81,31477.29,29263.7,4.56
2018-02-05,13.62,13.77,13.57,13.4,21050.0,-0.28,-2.02,13.93,14.12,13.882,26065.87,26283.98,26310.76,1.35
2018-02-02,13.11,14.1,13.85,13.11,32949.3,-0.28,-1.98,14.034,14.189,13.88,26659.31,26684.85,26069.84,2.12
2018-02-01,14.01,14.5,14.13,13.96,45108.72,0.12,0.86,14.124,14.224,13.872,25222.95,25972.16,25141.93,2.9
2018-01-31,13.89,14.27,14.01,13.89,16530.0,-0.08,-0.57,14.202,14.23,13.848,24601.08,26962.06,23584.87,1.06
2018-01-30,14.04,14.27,14.09,14.04,14691.33,0.0,0.0,14.288,14.194,13.828,25633.77,27836.62,23470.98,0.94
2018-01-29,14.28,14.53,14.09,13.85,24017.18,-0.21,-1.47,14.31,14.121,13.798,26502.09,27891.89,23381.77,1.54
2018-01-26,14.36,14.64,14.3,14.2,25767.51,-0.22,-1.51,14.344,14.033,13.764,26710.4,28574.19,23721.36,1.65
2018-01-25,14.28,14.97,14.52,14.28,41999.38,0.08,0.55,14.324,13.953,13.691,26721.38,28284.7,23297.41,2.7
2018-01-24,14.22,14.44,14.44,13.94,21693.44,0.24,1.69,14.258,13.84,13.606,29323.04,26250.91,22603.38,1.39
2018-01-23,14.2,14.46,14.2,14.09,19032.96,-0.06,-0.42,14.1,13.711,13.539,30039.48,27050.11,23765.0,1.22
2018-01-22,14.03,14.65,14.26,13.94,25058.7,0.06,0.42,13.932,13.643,13.479,29281.68,26337.54,24055.67,1.61
2018-01-19,14.09,14.38,14.2,13.9,25822.41,0.01,0.07,13.722,13.57,13.455,30437.97,25454.82,23884.07,1.66
2018-01-18,13.7,14.31,14.19,13.53,55007.68,0.54,3.96,13.582,13.519,13.44,29848.02,24311.7,24614.24,3.53
2018-01-17,13.16,13.72,13.65,13.11,25275.64,0.29,2.17,13.422,13.465,13.425,23178.77,20207.69,24018.72,1.62
2018-01-16,12.95,13.56,13.36,12.95,15243.98,0.15,1.14,13.322,13.462,13.434,24060.74,19105.34,23898.09,0.98
2018-01-15,13.39,13.7,13.21,13.21,30840.15,-0.29,-2.15,13.354,13.475,13.442,23393.41,18871.66,23725.85,1.98
2018-01-12,13.39,13.75,13.5,13.38,22872.63,0.11,0.82,13.418,13.494,13.46,20471.67,18868.53,23270.56,1.47
2018-01-11,12.8,13.61,13.39,12.8,21661.47,0.24,1.82,13.456,13.429,13.47,18775.38,18310.11,22754.13,1.39
2018-01-10,13.65,13.78,13.15,13.04,29685.45,-0.37,-2.74,13.508,13.372,13.488,17236.6,18955.85,22061.9,1.91
2018-01-09,13.4,13.68,13.52,13.4,11907.33,-0.01,-0.07,13.602,13.367,13.515,14149.94,20479.9,21067.53,0.76
2018-01-08,13.75,13.83,13.53,13.4,16231.46,-0.16,-1.17,13.596,13.314,13.534,14349.91,21773.8,21009.15,1.04
2018-01-05,13.62,13.87,13.69,13.59,14391.19,0.04,0.29,13.57,13.339,13.549,17265.4,22313.33,20901.68,0.92
2018-01-04,13.5,13.76,13.65,13.5,13967.56,0.03,0.22,13.402,13.36,13.543,17844.85,24916.78,20632.67,0.9
2018-01-03,13.35,13.64,13.62,13.34,14252.15,0.13,0.96,13.236,13.385,13.537,20675.09,27829.75,20684.39,0.91
2018-01-02,13.42,13.6,13.49,13.32,12907.17,0.09,0.67,13.132,13.405,13.519,26809.86,28690.83,21229.77,0.83
2017-12-29,12.8,13.45,13.4,12.8,30808.93,0.55,4.28,13.032,13.408,13.533,29197.7,28580.05,21469.06,1.98
2017-12-28,12.71,13.02,12.85,12.7,17288.44,0.03,0.23,13.108,13.425,13.567,27361.26,27672.59,20852.69,1.11
2017-12-27,13.03,13.1,12.82,12.79,28118.78,-0.28,-2.14,13.318,13.511,13.625,31988.72,27198.15,20907.02,1.81
2017-12-26,12.99,13.18,13.1,12.23,44926.0,0.11,0.85,13.534,13.603,13.696,34984.4,25167.96,20216.41,2.88
2017-12-25,13.76,13.88,12.99,12.43,24846.34,-0.79,-5.73,13.678,13.663,13.761,30571.8,21655.16,18454.26,1.59
2017-12-22,13.83,13.98,13.78,13.7,21626.74,-0.12,-0.86,13.784,13.754,13.824,27962.4,20244.5,17741.94,1.39
2017-12-21,13.75,14.23,13.9,13.75,40425.74,0.0,0.0,13.742,13.759,13.851,27983.92,19490.02,17400.73,2.6
2017-12-20,13.2,14.23,13.9,13.2,43097.2,0.08,0.58,13.704,13.726,13.881,22407.57,16348.55,16408.2,2.77
2017-12-19,13.52,13.91,13.82,13.48,22863.0,0.3,2.22,13.672,13.689,13.933,15351.52,13539.03,15159.39,1.47
2017-12-18,13.48,13.75,13.52,13.45,11799.33,-0.05,-0.37,13.648,13.632,13.988,12738.52,13768.7,14918.22,0.76
2017-12-15,13.58,13.78,13.57,13.2,21734.33,-0.14,-1.02,13.724,13.658,14.058,12526.59,14358.06,15325.77,1.4
2017-12-14,13.78,13.8,13.71,13.57,12544.0,-0.03,-0.22,13.776,13.709,14.136,10996.13,14032.79,16330.75,0.81
2017-12-13,13.53,13.87,13.74,13.53,7816.95,0.04,0.29,13.748,13.738,14.249,10289.53,14615.89,16990.05,0.5
2017-12-12,13.98,13.98,13.7,13.5,9798.0,-0.2,-1.44,13.706,13.788,14.368,11726.54,15264.86,18328.73,0.63
2017-12-11,13.9,14.07,13.9,13.78,10739.68,0.07,0.51,13.616,13.859,14.517,14798.87,15253.36,19212.72,0.69
2017-12-08,13.5,13.87,13.83,13.5,14082.0,0.26,1.92,13.592,13.894,14.659,16189.54,15239.39,20381.93,0.9
2017-12-07,13.53,13.73,13.57,13.5,9011.0,0.04,0.3,13.642,13.942,14.799,17069.45,15311.44,21522.7,0.58
2017-12-06,13.25,13.63,13.53,13.25,15002.0,0.28,2.11,13.728,14.036,14.963,18942.25,16467.84,22490.61,0.96
2017-12-05,13.61,13.92,13.25,13.15,25159.68,-0.53,-3.85,13.87,14.177,15.105,18803.17,16779.74,23079.91,1.62
2017-12-04,14.2,14.2,13.78,13.78,17693.0,-0.3,-2.13,14.102,14.344,15.253,15707.84,16067.75,24017.82,1.14
2017-12-01,14.08,14.28,14.08,13.92,18481.59,0.08,0.57,14.196,14.458,15.398,14289.24,16293.47,24410.4,1.19
2017-11-30,14.27,14.34,14.0,13.93,18375.0,-0.24,-1.69,14.242,14.562,15.524,13553.42,18628.7,25500.21,1.18
2017-11-29,14.42,14.44,14.24,14.11,14306.6,-0.17,-1.18,14.344,14.76,15.674,13993.43,19364.2,27978.31,0.92
2017-11-28,14.3,14.45,14.41,14.15,9683.0,0.16,1.12,14.484,14.948,15.86,14756.31,21392.61,31332.92,0.62
2017-11-27,14.31,14.56,14.25,14.24,10600.0,-0.06,-0.42,14.586,15.175,16.017,16427.66,23172.08,34268.1,0.68
2017-11-24,14.3,14.65,14.31,14.0,14802.52,-0.2,-1.38,14.72,15.423,16.154,18297.69,25524.48,37539.34,0.95
2017-11-23,14.83,15.06,14.51,14.3,20575.05,-0.43,-2.88,14.882,15.655,16.276,23703.98,27733.97,38422.0,1.32
2017-11-22,14.93,15.26,14.94,14.76,18121.0,0.02,0.13,15.176,15.889,16.394,24734.97,28513.37,40745.2,1.16
2017-11-21,14.92,15.37,14.92,14.48,18039.72,0.0,0.0,15.412,16.033,16.465,28028.91,29380.08,40955.62,1.16
2017-11-20,15.12,15.2,14.92,14.36,19950.18,-0.2,-1.32,15.764,16.162,16.521,29916.51,31967.88,40684.54,1.28
2017-11-17,16.0,16.12,15.12,15.03,41833.96,-0.86,-5.38,16.126,16.337,16.575,32751.26,32527.33,40461.33,2.69
2017-11-16,16.02,16.19,15.98,15.7,25730.0,-0.14,-0.87,16.428,16.486,16.607,31763.95,32371.71,39412.89,1.65
2017-11-15,16.53,16.95,16.12,15.93,34590.69,-0.56,-3.36,16.602,16.588,16.604,32291.76,36592.41,39136.74,2.22
2017-11-14,16.73,16.9,16.68,16.53,27477.71,-0.05,-0.3,16.654,16.771,16.59,30731.25,41273.24,38463.3,1.76
2017-11-13,16.78,16.79,16.73,16.33,34123.94,0.1,0.6,16.56,16.858,16.571,34019.26,45364.12,38257.47,2.19
2017-11-10,16.88,16.96,16.63,16.6,36897.41,-0.22,-1.31,16.548,16.884,16.568,32303.4,49554.2,38154.67,2.37
2017-11-09,16.38,16.95,16.85,16.27,28369.07,0.47,2.87,16.544,16.897,16.584,32979.47,49110.03,37622.88,1.82
2017-11-08,16.21,16.49,16.38,16.18,26788.14,0.17,1.05,16.574,16.899,16.59,40893.06,52977.04,37778.83,1.72
2017-11-07,16.7,16.7,16.21,16.02,43917.72,-0.46,-2.76,16.888,16.896,16.612,51815.22,52531.17,38878.14,2.82
2017-11-06,16.78,16.86,16.67,16.53,25544.66,0.06,0.36,17.156,16.879,16.649,56708.99,49401.2,40292.75,1.64
2017-11-03,17.0,17.17,16.61,16.35,40277.76,-0.39,-2.29,17.22,16.812,16.644,66805.0,48395.33,40991.74,2.59
2017-11-02,17.85,17.95,17.0,16.81,67937.0,-0.95,-5.29,17.25,16.727,16.611,65240.59,46454.06,39846.71,4.36
2017-11-01,17.16,17.99,17.95,16.86,81398.94,0.4,2.28,17.224,16.619,16.546,65061.02,41681.06,37413.05,5.23
2017-10-31,16.9,17.55,17.55,16.84,68386.59,0.56,3.3,16.904,16.408,16.445,53247.12,35653.37,34235.45,4.39
2017-10-30,16.76,17.59,16.99,16.66,76024.71,0.23,1.37,16.602,16.283,16.357,42093.4,31150.81,31563.73,4.88
2017-10-27,17.09,17.2,16.76,16.57,32455.7,-0.11,-0.65,16.404,16.251,16.284,29985.66,26755.14,28644.14,2.08
2017-10-26,16.37,17.15,16.87,16.31,67039.18,0.52,3.18,16.204,16.271,16.236,27667.54,26135.74,27883.99,4.3
2017-10-25,15.95,16.4,16.35,15.95,22329.4,0.31,1.93,16.014,16.28,16.183,18301.1,22580.61,26102.16,1.43
2017-10-24,16.0,16.08,16.04,15.72,12618.03,0.04,0.25,15.912,16.328,16.167,18059.62,25225.11,26759.28,0.81
2017-10-23,15.76,16.1,16.0,15.61,15486.0,0.24,1.52,15.964,16.419,16.174,20208.21,31184.31,27170.71,0.99
2017-10-20,15.53,16.09,15.76,15.12,20865.07,-0.16,-1.0,16.098,16.475,16.195,23524.61,33588.15,27601.22,1.34
2017-10-19,15.77,16.25,15.92,15.71,20207.0,0.08,0.51,16.338,16.495,16.219,24603.94,33239.37,28855.95,1.3
2017-10-18,16.33,16.54,15.84,15.81,21122.0,-0.46,-2.82,16.546,16.472,16.271,26860.13,33145.03,30421.34,1.36
2017-10-17,16.97,16.97,16.3,16.13,23361.0,-0.37,-2.22,16.744,16.481,16.353,32390.6,32817.54,32965.54,1.5
2017-10-16,17.18,17.3,16.67,16.61,32068.0,-0.29,-1.71,16.874,16.43,16.366,42160.4,31976.64,33957.44,2.06
2017-10-13,16.98,17.15,16.96,16.68,26261.71,0.0,0.0,16.852,16.316,16.357,43651.69,30533.14,33898.9,1.69
2017-10-12,16.8,17.15,16.96,16.64,31487.92,0.13,0.77,16.652,16.201,16.317,41874.79,29632.24,33904.6,2.02
2017-10-11,16.71,17.16,16.83,16.49,48774.38,-0.12,-0.71,16.398,16.086,16.28,39429.94,29623.71,34832.26,3.13
2017-10-10,16.7,17.42,16.95,16.7,72210.0,0.39,2.35,16.218,16.005,16.269,33244.48,28293.45,33930.67,4.64
2017-10-09,16.13,16.66,16.56,15.71,39524.44,0.6,3.76,15.986,15.928,16.257,21792.88,23157.11,32178.12,2.98
2017-09-29,15.69,15.97,15.96,15.64,17377.21,0.27,1.72,15.78,15.914,16.276,17414.59,21614.3,33574.25,1.31
2017-09-28,15.8,15.9,15.69,15.65,19263.68,-0.24,-1.51,15.75,15.943,16.304,17389.7,24472.53,35212.69,1.45
2017-09-27,15.87,16.07,15.93,15.71,17847.07,0.14,0.89,15.774,16.069,16.355,19817.48,27697.64,36825.35,1.35
2017-09-26,15.51,15.94,15.79,15.51,14952.0,0.26,1.67,15.792,16.225,16.388,23342.42,33113.54,38834.4,1.13
2017-09-25,15.65,15.88,15.53,15.52,17633.0,-0.28,-1.77,15.87,16.302,16.44,24521.34,35938.24,42817.87,1.33
2017-09-22,15.83,16.0,15.81,15.8,17252.74,0.0,0.0,16.048,16.397,16.481,25814.0,37264.65,47009.23,1.3
2017-09-21,16.0,16.17,15.81,15.8,31402.58,-0.21,-1.31,16.136,16.432,16.493,31555.37,38176.96,49837.75,2.37
2017-09-20,16.15,16.28,16.02,15.94,35471.8,-0.16,-0.99,16.364,16.473,16.501,35577.81,40040.81,53992.95,2.67
2017-09-19,16.41,16.47,16.18,16.15,20846.58,-0.24,-1.46,16.658,16.533,16.535,42884.66,39567.89,54393.48,1.57
2017-09-18,16.27,16.46,16.42,16.02,24096.3,0.17,1.05,16.734,16.585,16.486,47355.14,41199.13,54741.02,1.82
2017-09-15,16.86,17.2,16.25,16.2,45959.58,-0.7,-4.13,16.746,16.637,16.431,48715.3,45534.21,54938.19,3.47
2017-09-14,17.49,17.57,16.95,16.9,51514.77,-0.54,-3.09,16.728,16.665,16.39,44798.56,45952.84,54546.34,3.88
2017-09-13,16.7,17.49,17.49,16.51,72006.07,0.93,5.62,16.582,16.64,16.313,44503.81,45953.07,54551.59,5.43
2017-09-12,16.62,16.88,16.56,16.44,43198.96,0.08,0.48,16.408,16.551,16.185,36251.12,44555.25,52541.28,3.26
2017-09-11,16.12,16.63,16.48,16.12,30897.12,0.32,1.98,16.436,16.578,16.106,35043.13,49697.51,52497.94,2.33
2017-09-08,16.1,16.48,16.16,16.06,26375.87,-0.06,-0.37,16.528,16.565,16.005,42353.13,56753.81,52396.95,1.99
2017-09-07,16.59,16.93,16.22,15.98,50041.04,-0.4,-2.41,16.602,16.554,15.894,47107.13,61498.54,51797.66,3.77
2017-09-06,16.58,16.84,16.62,16.42,30742.63,-0.08,-0.48,16.698,16.528,15.789,47402.32,67945.1,50643.7,2.32
2017-09-05,16.79,16.95,16.7,16.55,37159.01,-0.24,-1.42,16.694,16.537,15.671,52859.37,69219.07,50243.99,2.8
2017-09-04,16.57,17.5,16.94,16.36,67447.08,0.41,2.48,16.72,16.386,15.557,64351.88,68282.9,49733.46,5.09
2017-09-01,16.7,16.77,16.53,16.27,50145.88,-0.17,-1.02,16.602,16.224,15.414,71154.49,64342.16,47008.39,3.78
2017-08-31,16.51,16.94,16.7,16.49,51517.0,0.1,0.6,16.506,16.115,15.275,75889.94,63139.83,45176.55,3.88
2017-08-30,16.83,17.13,16.6,16.53,58027.89,-0.23,-1.37,16.358,15.985,15.139,88487.88,63150.11,43358.45,4.38
2017-08-29,16.2,17.0,16.83,16.12,94621.53,0.48,2.94,16.38,15.818,15.001,85578.77,60527.32,41315.21,7.13
2017-08-28,15.99,16.65,16.35,15.74,101460.15,0.3,1.87,16.052,15.633,14.871,72213.91,55298.37,37644.61,7.65
2017-08-25,15.94,16.16,16.05,15.5,73823.15,0.09,0.56,15.846,15.444,14.756,57529.82,48040.09,33596.7,5.57
2017-08-24,17.19,17.19,15.96,15.87,114506.67,-0.75,-4.49,15.724,15.233,14.654,50389.72,42096.78,32045.14,8.63
2017-08-23,15.41,16.71,16.71,15.41,43482.34,1.52,10.01,15.612,15.049,14.555,37812.34,33342.31,28568.1,3.28
2017-08-22,15.2,15.29,15.19,14.87,27797.26,-0.13,-0.85,15.256,14.804,14.381,35475.87,31268.92,27600.81,2.1
2017-08-21,15.44,15.56,15.32,15.08,28039.7,-0.12,-0.78,15.214,14.727,14.308,38382.82,31184.03,26911.45,2.11
2017-08-18,15.2,15.84,15.44,15.18,38122.61,0.04,0.26,15.042,14.603,14.228,38550.35,29674.62,26334.58,2.87
2017-08-17,14.86,15.76,15.4,14.7,51619.77,0.47,3.15,14.742,14.435,14.146,33803.83,27213.26,25411.27,3.89
2017-08-16,14.89,15.26,14.93,14.66,31800.01,-0.05,-0.33,14.486,14.293,14.069,28872.28,23566.79,23782.09,2.4
2017-08-15,14.69,14.98,14.98,14.55,42332.01,0.52,3.6,14.352,14.183,14.008,27061.96,22103.1,23443.46,3.19
2017-08-14,13.9,14.55,14.46,13.83,28877.37,0.52,3.73,14.24,14.108,13.933,23985.25,19990.85,22582.76,2.18
2017-08-11,14.08,14.18,13.94,13.8,14390.01,-0.18,-1.27,14.164,14.067,13.892,20798.9,19153.3,23234.94,1.08
2017-08-10,14.24,14.49,14.12,14.0,26961.99,-0.14,-0.98,14.128,14.075,13.953,20622.69,21993.51,23731.07,2.03
2017-08-09,14.4,14.49,14.26,14.2,22748.43,-0.16,-1.11,14.1,14.06,14.026,18261.3,23793.89,23520.47,1.72
2017-08-08,14.02,14.46,14.42,13.9,26948.44,0.34,2.42,14.014,13.957,14.087,17144.23,23932.7,23928.28,2.03
2017-08-07,13.83,14.15,14.08,13.8,12945.61,0.32,2.33,13.976,13.888,14.147,15996.45,22638.86,24573.03,0.98
2017-08-04,13.92,14.06,13.76,13.76,13509.0,-0.22,-1.57,13.97,13.852,14.213,17507.71,22994.54,26001.01,1.02
2017-08-03,13.83,14.24,13.98,13.83,15155.0,0.15,1.08,14.022,13.856,14.315,23364.32,23609.27,28002.66,1.14
2017-08-02,14.23,14.28,13.83,13.75,17163.11,-0.4,-2.81,14.02,13.844,14.415,29326.48,23997.39,31041.53,1.29
2017-08-01,14.04,14.36,14.23,13.93,21209.52,0.18,1.28,13.9,13.833,14.515,30721.17,24783.83,33031.79,1.6
2017-07-31,13.99,14.24,14.05,13.71,20501.94,0.03,0.21,13.8,13.757,14.564,29281.28,25174.68,33253.04,1.55
2017-07-28,14.1,14.41,14.02,13.95,42792.04,0.05,0.36,13.734,13.716,14.625,28481.37,27316.58,33913.72,3.23
2017-07-27,13.36,14.1,13.97,13.0,44965.79,0.74,5.59,13.69,13.83,14.67,23854.22,25468.64,32997.74,3.39
2017-07-26,13.74,13.87,13.23,13.16,24136.54,-0.5,-3.64,13.668,13.991,14.721,18668.3,23247.06,31885.19,1.82
2017-07-25,13.72,13.9,13.73,13.6,14010.07,0.01,0.07,13.766,14.216,14.804,18846.5,23923.86,31662.21,1.06
2017-07-24,13.63,13.74,13.72,13.41,16502.41,-0.08,-0.58,13.714,14.406,14.883,21068.09,26507.2,32368.05,1.24
2017-07-21,14.02,14.33,13.8,13.76,19656.28,-0.06,-0.43,13.698,14.573,14.947,26151.79,29007.47,32516.78,1.48
2017-07-20,13.77,14.13,13.86,13.65,19036.18,0.14,1.02,13.97,14.773,15.001,27083.06,32396.06,33475.82,1.44
2017-07-19,13.61,13.92,13.72,13.48,25027.56,0.25,1.86,14.314,14.986,15.07,27825.82,38085.66,35382.36,1.89
2017-07-18,13.65,13.79,13.47,13.09,25118.0,-0.17,-1.25,14.666,15.197,15.14,29001.22,41279.76,35670.7,1.89
2017-07-17,14.8,15.0,13.64,13.64,41920.94,-1.52,-10.03,15.098,15.37,15.234,31946.31,41331.4,36079.09,3.16
2017-07-14,15.5,15.57,15.16,15.11,24312.61,-0.42,-2.7,15.448,15.533,15.312,31863.16,40510.85,35759.07,1.83
2017-07-13,15.59,15.87,15.58,15.35,22750.0,0.1,0.65,15.576,15.509,15.308,37709.06,40526.84,36164.9,1.72
2017-07-12,15.7,15.7,15.48,15.1,30904.56,-0.15,-0.96,15.658,15.451,15.278,48345.51,40523.32,36960.52,2.33
2017-07-11,15.52,16.02,15.63,15.31,39843.43,0.24,1.56,15.728,15.391,15.246,53558.29,39400.56,36858.42,3.0
2017-07-10,15.67,15.79,15.39,15.31,41505.18,-0.41,-2.6,15.642,15.36,15.21,50716.49,38228.9,36707.01,3.13
2017-07-07,16.0,16.37,15.8,15.65,53542.12,-0.19,-1.19,15.618,15.321,15.162,49158.55,36026.09,36387.22,4.04
2017-07-06,16.11,17.11,15.99,15.88,75932.24,0.16,1.01,15.442,15.229,15.128,43344.62,34555.58,35465.21,5.73
2017-07-05,15.21,15.97,15.83,15.2,56968.48,0.63,4.14,15.244,15.153,15.094,32701.14,32679.06,35552.91,4.3
2017-07-04,15.34,15.56,15.2,15.16,25634.43,-0.07,-0.46,15.054,15.083,15.039,25242.84,30061.64,35472.22,1.93
2017-07-03,14.94,15.38,15.27,14.94,33715.5,0.35,2.35,15.078,15.097,14.949,25741.32,30826.77,35551.77,2.54
2017-06-30,15.0,15.28,14.92,14.9,24472.44,-0.08,-0.53,15.024,15.091,14.844,22893.62,31007.29,35367.91,1.85
2017-06-29,14.83,15.24,15.0,14.83,22714.84,0.12,0.81,15.016,15.107,14.746,25766.54,31802.96,36034.87,1.71
2017-06-28,15.13,15.2,14.88,14.74,19676.98,-0.44,-2.87,15.062,15.104,14.641,32656.99,33397.72,37260.22,1.48
2017-06-27,15.48,15.48,15.32,15.07,28126.83,0.32,2.13,15.112,15.101,14.614,34880.45,34316.27,37267.23,2.12
2017-06-26,14.88,15.08,15.0,14.62,19477.0,0.12,0.81,15.116,15.059,14.569,35912.23,35185.12,36966.21,1.47
2017-06-23,14.81,15.11,14.88,14.51,38837.06,-0.35,-2.3,15.158,15.003,14.563,39120.96,36748.35,37066.24,2.93
2017-06-22,15.3,15.99,15.23,15.14,57167.07,0.1,0.66,15.198,15.026,14.567,37839.39,36374.84,36526.18,4.31
2017-06-21,15.44,15.45,15.13,14.91,30794.28,-0.21,-1.37,15.146,15.035,14.545,34138.45,38426.76,35138.45,2.32
2017-06-20,15.21,15.59,15.34,15.12,33285.74,0.13,0.85,15.09,14.995,14.537,33752.09,40882.79,35195.35,2.51
2017-06-19,15.28,15.66,15.21,15.1,35520.66,0.13,0.86,15.002,14.8,14.552,34458.0,40276.76,35548.32,2.68
2017-06-16,14.98,15.35,15.08,14.9,32429.18,0.11,0.73,14.848,14.597,15.435,34375.73,39728.53,34754.81,2.45
2017-06-15,14.89,15.37,14.97,14.71,38662.38,0.12,0.81,14.854,14.384,16.286,34910.29,40266.77,34109.15,2.92
2017-06-14,14.97,15.06,14.85,14.75,28862.5,-0.05,-0.34,14.924,14.178,17.192,42715.08,41122.72,32972.14,2.18
2017-06-13,14.98,15.18,14.9,14.67,36815.3,0.46,3.19,14.9,14.127,17.978,48013.49,40218.18,32066.43,2.78
2017-06-12,14.97,15.15,14.44,14.36,35109.31,-0.67,-4.43,14.598,14.078,18.72,46095.51,38747.31,30741.98,2.65
2017-06-09,15.1,15.28,15.11,14.91,35101.96,-0.21,-1.37,14.346,14.123,19.536,45081.32,37384.14,30099.38,2.65
2017-06-08,15.15,15.54,15.32,14.91,77686.31,0.59,4.0,13.914,14.107,20.405,45623.26,36677.51,28904.83,5.86
2017-06-07,13.32,14.73,14.73,13.32,55354.56,1.34,10.01,13.432,14.054,21.32,39530.36,31850.14,25344.52,4.17
2017-06-06,13.19,13.55,13.39,13.07,27225.4,0.21,1.59,13.354,14.079,22.263,32422.87,29507.91,22908.34,2.05
2017-06-05,13.16,13.38,13.18,13.01,30038.38,0.23,1.78,13.558,14.304,23.284,31399.11,30819.89,22104.78,2.26
2017-06-02,12.83,13.25,12.95,12.29,37811.64,0.04,0.31,13.9,16.272,24.306,29686.95,29781.08,20843.46,2.85
2017-06-01,14.5,14.5,12.91,12.91,47221.84,-1.43,-9.97,14.3,18.188,25.346,27731.77,27951.53,19387.91,3.56
2017-05-31,14.8,14.91,14.34,14.28,19817.1,-0.07,-0.49,14.676,20.206,26.43,24169.91,24821.57,17393.21,1.49
2017-05-26,14.89,15.08,14.41,14.4,22106.57,-0.48,-3.22,14.804,21.828,27.418,26592.94,23914.68,16738.55,1.67
2017-05-25,15.1,15.44,14.89,14.51,21477.61,-0.06,-0.4,15.05,23.362,28.407,30240.67,22736.66,16200.83,1.62
2017-05-24,14.68,15.1,14.95,14.35,28035.72,0.16,1.08,18.644,24.948,29.337,29875.21,22814.63,15524.17,2.11
2017-05-23,15.01,15.41,14.79,14.5,29412.54,-0.19,-1.27,22.076,26.703,30.242,28171.3,21132.16,14434.99,2.22
2017-05-22,15.45,15.97,14.98,14.61,31932.28,-0.66,-4.22,25.736,28.585,31.133,25473.23,18838.91,13584.72,2.41
2017-05-19,16.18,16.49,15.64,15.41,40345.2,-0.73,-4.46,28.852,30.447,32.074,21236.42,16308.78,12302.69,3.04
2017-05-18,32.2,34.29,32.86,32.2,19650.33,0.75,2.34,31.674,32.263,32.996,15232.64,13389.67,10659.81,2.98
2017-05-17,33.0,34.35,32.11,32.02,19516.15,-0.98,-2.96,31.252,32.339,33.057,15754.04,11905.84,10210.28,2.96
2017-05-16,30.51,33.47,33.09,30.23,15922.17,2.53,8.28,31.33,32.504,33.173,14093.01,10824.28,9799.91,2.41
2017-05-15,30.3,31.2,30.56,30.23,10748.25,0.81,2.72,31.434,32.654,33.253,12204.59,9964.85,9670.74,1.63
2017-05-12,30.69,30.69,29.75,29.58,10326.32,-1.0,-3.25,32.042,33.008,33.516,11381.14,9562.42,10030.97,1.56
2017-05-11,31.86,32.29,30.75,29.29,22257.31,-1.75,-5.38,32.852,33.451,33.871,11546.7,9665.01,10099.3,3.37
2017-05-10,33.68,33.99,32.5,32.5,11211.0,-1.11,-3.3,33.426,33.725,34.191,8057.64,8233.71,9900.32,1.7
2017-05-09,33.62,33.99,33.61,33.11,6480.08,0.01,0.03,33.678,33.78,34.496,7555.56,7737.82,10232.74,0.98
2017-05-08,33.8,34.34,33.6,33.6,6630.97,-0.2,-0.59,33.874,33.68,34.721,7725.12,8330.52,10964.59,1.0
2017-05-05,33.64,34.38,33.8,33.35,11154.14,0.18,0.54,33.974,33.7,35.008,7743.7,8296.6,12217.16,1.69
2017-05-04,33.76,34.15,33.62,33.52,4812.0,-0.14,-0.41,34.05,33.729,35.232,7783.32,7929.95,12345.5,0.73
2017-05-03,34.47,34.6,33.76,33.73,8700.6,-0.83,-2.4,34.024,33.775,35.46,8409.78,8514.72,12992.47,1.32
2017-05-02,34.24,34.83,34.59,33.82,7327.87,0.49,1.44,33.882,33.842,35.625,7920.08,8775.54,13543.93,1.11
2017-04-28,34.01,34.55,34.1,33.92,6723.87,-0.08,-0.23,33.486,33.851,35.74,8935.93,9376.62,14704.6,1.02
2017-04-27,33.51,34.36,34.18,33.0,11352.24,0.69,2.06,33.426,34.023,36.016,8849.5,10499.53,15670.06,1.72
2017-04-26,32.75,33.69,33.49,32.75,7944.32,0.44,1.33,33.408,34.291,36.275,8076.58,10533.59,15924.34,1.2
2017-04-25,32.98,33.48,33.05,32.65,6252.1,0.44,1.35,33.526,34.657,36.544,8619.66,11566.94,16329.85,0.95
2017-04-24,34.0,34.0,32.61,32.38,12407.1,-1.19,-3.52,33.802,35.212,36.839,9630.99,12727.67,16962.8,1.88
2017-04-21,34.2,34.27,33.8,33.75,6291.74,-0.29,-0.85,34.216,35.761,37.142,9817.32,13598.67,17581.52,0.95
2017-04-20,34.27,34.59,34.09,33.75,7487.62,0.01,0.03,34.62,36.315,37.391,12149.56,16137.72,18602.82,1.13
2017-04-19,34.73,34.73,34.08,33.61,10659.73,-0.35,-1.02,35.174,36.735,37.666,12990.6,16761.06,19152.46,1.61
2017-04-18,34.95,35.5,34.43,34.35,11308.76,-0.25,-0.72,35.788,37.145,37.958,14514.22,17470.21,19895.22,1.71
2017-04-17,35.7,36.24,34.68,34.51,13338.73,-1.14,-3.18,36.622,37.407,38.252,15824.35,18312.33,20934.13,2.02
2017-04-14,36.87,37.37,35.82,35.82,17952.96,-1.04,-2.82,37.306,37.629,38.53,17380.02,20032.58,21180.38,2.72
2017-04-13,37.0,37.85,36.86,36.86,11692.8,-0.29,-0.78,38.01,38.009,38.725,20125.89,20840.58,21247.97,1.77
2017-04-12,38.78,38.78,37.15,37.02,18277.85,-1.45,-3.76,38.296,38.258,38.909,20531.52,21315.09,22367.03,2.77
2017-04-11,37.96,38.65,38.6,37.47,17859.39,0.5,1.31,38.502,38.431,39.028,20426.21,21092.75,22518.92,2.71
2017-04-10,38.83,39.3,38.1,37.34,21117.1,-1.24,-3.15,38.192,38.465,39.093,20800.31,21197.93,22763.06,3.2
2017-04-07,38.51,40.5,39.34,38.51,31682.31,1.05,2.74,37.952,38.523,39.195,22685.13,21564.38,23230.13,4.8
2017-04-06,38.14,38.68,38.29,37.73,13720.95,0.11,0.29,38.008,38.466,39.193,21555.27,21067.92,22706.68,2.08
2017-04-05,37.1,38.3,38.18,37.06,17751.29,1.13,3.05,38.22,38.596,39.279,22098.65,21543.87,23786.91,2.69
2017-03-31,36.86,37.74,37.05,36.45,19729.88,0.15,0.41,38.36,38.77,39.303,21759.3,22320.22,24663.05,2.99
2017-03-30,39.34,39.7,36.9,35.98,30541.22,-2.72,-6.87,38.738,39.097,39.317,21595.55,23555.93,24537.16,4.63
2017-03-29,39.5,40.47,39.62,39.1,26033.03,0.27,0.69,39.094,39.43,39.308,20443.62,22328.18,23665.92,3.94
2017-03-28,38.88,40.1,39.35,38.2,16437.85,0.47,1.21,38.924,39.441,39.162,20580.57,21655.36,22944.89,2.49
2017-03-27,39.0,39.4,38.88,38.7,16054.5,-0.06,-0.15,38.972,39.56,39.033,20989.08,23418.98,22474.6,2.43
2017-03-24,38.52,39.44,38.94,38.52,18911.16,0.26,0.67,39.18,39.624,38.918,22881.15,23945.08,22454.79,2.86
2017-03-23,38.8,39.45,38.68,38.27,24781.57,-0.09,-0.23,39.456,39.721,38.816,25516.3,24328.19,22220.2,3.75
2017-03-22,39.4,39.77,38.77,38.26,26717.78,-0.82,-2.07,39.766,39.866,38.698,24212.73,24895.88,21577.63,4.05
2017-03-21,39.85,40.18,39.59,39.3,18480.4,-0.33,-0.83,39.958,39.92,38.596,22730.15,24345.44,21216.23,2.8
2017-03-20,40.35,40.82,39.92,39.03,25514.83,-0.4,-0.99,40.148,39.961,38.418,25848.88,26029.94,21052.97,3.86
2017-03-17,40.2,41.65,40.32,40.2,32086.94,0.09,0.22,40.068,39.835,38.182,25009.01,27005.88,20292.29,4.86
2017-03-16,40.0,40.6,40.23,39.73,18263.72,0.5,1.26,39.986,39.536,37.906,23140.08,25518.39,19270.34,2.77
2017-03-15,39.88,40.4,39.73,39.6,19304.87,-0.81,-2.0,39.966,39.185,37.683,25579.03,25003.66,18891.3,2.92
2017-03-14,39.5,41.09,40.54,39.5,34074.05,1.02,2.58,39.882,38.882,37.501,25960.73,24234.41,18409.08,5.16
2017-03-13,39.9,39.98,39.52,39.05,21315.48,-0.39,-0.98,39.774,38.506,37.298,26211.01,21530.22,17056.83,3.23
2017-03-10,39.91,40.17,39.91,39.46,22742.29,-0.22,-0.55,39.602,38.211,37.144,29002.75,20964.49,16507.44,3.44
2017-03-09,39.08,40.47,40.13,39.08,30458.44,0.82,2.09,39.086,37.91,36.939,27896.7,20112.2,15852.56,4.61
2017-03-08,39.0,39.99,39.31,39.0,21213.38,-0.69,-1.73,38.404,37.529,36.745,24428.3,18259.39,15000.67,3.21
2017-03-07,38.56,40.85,40.0,38.42,35325.44,1.34,3.47,37.882,37.272,36.564,22508.1,18087.02,14467.35,5.35
2017-03-06,38.06,39.69,38.66,38.06,35274.22,1.33,3.56,37.238,36.875,36.339,16849.43,16075.99,13111.05,5.34
2017-03-03,36.6,37.44,37.33,36.31,17212.03,0.61,1.66,36.82,36.529,36.195,12926.23,13578.7,11814.16,2.61
2017-03-02,36.89,37.08,36.72,36.6,13116.42,0.02,0.05,36.734,36.276,36.098,12327.7,13022.28,11356.6,1.99
2017-03-01,36.97,37.14,36.7,36.65,11612.38,-0.08,-0.22,36.654,36.181,36.036,12090.48,12778.94,10706.98,1.76
2017-02-28,36.55,36.91,36.78,36.45,7032.09,0.21,0.57,36.662,36.12,35.975,13665.93,12583.76,10545.64,1.07
2017-02-27,37.07,37.5,36.57,36.49,15658.22,-0.33,-0.89,36.512,36.089,35.903,15302.56,12583.45,10658.14,2.37
2017-02-24,36.22,36.98,36.9,36.22,14219.38,0.58,1.6,36.238,36.076,35.826,14231.17,12050.38,10279.13,2.15
2017-02-23,36.73,36.89,36.32,36.1,11930.33,-0.42,-1.14,35.818,35.967,35.751,13716.86,11592.92,10168.11,1.81
2017-02-22,36.22,37.07,36.74,36.21,19489.65,0.71,1.97,35.708,35.96,35.682,13467.4,11741.95,10149.31,2.95
2017-02-21,35.08,36.07,36.03,35.01,15215.22,0.83,2.36,35.578,35.856,35.562,11501.58,10847.69,9676.89,2.3
2017-02-20,34.8,35.38,35.2,34.71,10301.26,0.4,1.15,35.666,35.803,35.501,9864.33,10146.1,9408.38,1.56
2017-02-17,35.95,35.95,34.8,34.63,11647.84,-0.97,-2.71,35.914,35.86,35.516,9869.59,10049.62,9920.2,1.76
2017-02-16,36.04,36.26,35.77,35.51,10683.03,-0.32,-0.89,36.116,35.919,35.473,9468.97,9690.92,10571.44,1.62
2017-02-15,36.27,36.84,36.09,36.02,9660.54,-0.38,-1.04,36.212,35.89,35.57,10016.49,8635.02,10692.88,1.46
2017-02-14,36.88,36.88,36.47,36.17,7028.99,0.03,0.08,36.134,35.829,35.715,10193.8,8507.52,10900.2,1.06
2017-02-13,36.14,36.88,36.44,35.81,10327.57,0.63,1.76,35.94,35.716,35.811,10427.87,8732.84,11316.97,1.56
2017-02-10,36.35,36.67,35.81,35.8,9644.73,-0.44,-1.21,35.806,35.576,35.956,10229.64,8507.88,11597.39,1.46
2017-02-09,35.5,36.5,36.25,35.5,13420.64,0.55,1.54,35.722,35.535,36.197,9912.87,8743.29,11838.91,2.03
2017-02-08,35.4,35.74,35.7,35.16,10547.09,0.2,0.56,35.568,35.404,36.41,7253.54,8556.68,12208.7,1.6
2017-02-07,35.77,35.88,35.5,35.26,8199.33,-0.27,-0.76,35.524,35.268,36.674,6821.23,8506.08,13875.39,1.24
2017-02-06,35.45,35.92,35.77,35.24,9336.42,0.38,1.07,35.492,35.199,36.855,7037.8,8670.66,14007.14,1.41
2017-02-03,35.5,35.9,35.39,35.08,8060.85,-0.09,-0.25,35.346,35.172,37.019,6786.13,9790.77,13982.47,1.22
2017-02-02,35.48,35.48,35.48,35.48,124.0,0.0,0.0,35.348,35.027,37.167,7573.72,11451.97,14003.94,0.02
2017-01-26,35.38,35.88,35.48,35.38,8385.54,0.14,0.4,35.24,35.25,37.319,9859.82,12750.75,14485.94,1.27
2017-01-25,34.92,35.62,35.34,34.91,9282.21,0.3,0.86,35.012,35.601,37.504,10190.93,13292.88,14589.79,1.41
2017-01-24,35.21,35.75,35.04,35.04,8078.03,-0.36,-1.02,34.906,35.906,37.68,10303.52,13901.11,14669.51,1.22
2017-01-23,35.19,36.17,35.4,35.11,11998.83,0.46,1.32,34.998,36.336,37.891,12795.42,14686.9,14839.29,1.82
2017-01-20,34.65,35.6,34.94,34.21,11554.5,0.6,1.75,34.706,36.859,38.054,15330.21,14934.53,15163.83,1.75
2017-01-19,34.67,34.99,34.34,33.55,10041.1,-0.47,-1.35,35.26,37.416,38.289,15641.67,15860.72,16170.52,1.52
2017-01-18,35.0,35.37,34.81,34.68,9845.16,-0.69,-1.94,36.19,38.079,38.494,16394.83,19244.7,16464.49,1.49
2017-01-17,35.0,36.02,35.5,34.2,20537.52,1.56,4.6,36.906,38.51,38.666,17498.7,19343.61,16832.78,3.11
2017-01-16,37.8,37.8,33.94,33.94,24672.77,-3.77,-10.0,37.674,38.866,38.771,16578.39,18174.16,17159.86,3.74
2017-01-13,38.98,38.98,37.71,37.65,13111.8,-1.28,-3.28,39.012,39.306,39.031,14538.84,16555.9,16999.07,1.99
2017-01-12,38.53,39.49,38.99,38.36,13806.88,0.6,1.56,39.572,39.388,39.086,16079.78,16221.12,17507.8,2.09
2017-01-11,39.5,39.63,38.39,38.2,15364.51,-0.95,-2.42,39.968,39.407,39.072,22094.57,15886.69,17942.77,2.33
2017-01-10,40.62,40.62,39.34,39.2,15935.97,-1.29,-3.17,40.114,39.454,39.168,21188.52,15437.9,18264.95,2.41
2017-01-09,40.52,41.49,40.63,40.5,14475.06,0.12,0.3,40.058,39.446,39.216,19769.94,14991.68,20120.93,2.19
2017-01-06,40.3,40.96,40.51,40.1,20816.46,-0.46,-1.12,39.6,39.249,39.396,18572.96,15393.13,22191.09,3.15
2017-01-05,39.82,42.38,40.97,39.82,43880.85,1.85,4.73,39.204,39.161,39.729,16362.47,16480.32,23707.64,6.65
2017-01-04,39.06,39.63,39.12,38.65,10834.24,0.06,0.15,38.846,38.909,40.08,9678.81,13684.28,23051.96,1.64
2017-01-03,38.74,39.25,39.06,38.5,8843.07,0.72,1.88,38.794,38.822,40.525,9687.28,14321.95,25575.94,1.34
2016-12-30,38.19,38.8,38.34,38.15,8490.2,-0.19,-0.49,38.834,38.676,40.933,10213.43,16145.56,27019.01,1.45
2016-12-29,39.09,39.15,38.53,38.48,9764.0,-0.65,-1.66,38.898,38.756,41.305,12213.29,17442.23,28167.25,1.66
2016-12-28,38.88,39.46,39.18,38.82,10462.56,0.32,0.82,39.118,38.783,41.719,16598.18,18794.48,30130.62,1.78
2016-12-27,39.26,39.48,38.86,38.86,10876.59,-0.4,-1.02,38.972,38.737,42.135,17689.75,19998.84,32686.7,1.85
2016-12-26,38.21,39.28,39.26,37.5,11473.78,0.6,1.55,38.85,38.881,42.442,18956.61,21091.99,34919.28,1.95
2016-12-23,39.63,39.8,38.66,38.66,18489.5,-0.97,-2.45,38.518,38.985,42.865,22077.7,25250.17,38996.21,3.15
2016-12-22,38.47,39.98,39.63,38.45,31688.45,1.18,3.07,38.614,39.543,43.198,22671.18,28989.05,40893.12,5.4
2016-12-21,38.3,38.88,38.45,38.0,15920.41,0.2,0.52,38.448,40.296,43.277,20990.79,30934.97,40708.94,2.71
2016-12-20,37.76,38.3,38.25,37.31,17210.91,0.65,1.73,38.502,41.25,43.443,22307.94,32419.64,41463.09,2.93
2016-12-19,39.5,39.58,37.6,37.33,27079.23,-1.54,-3.94,38.912,42.228,43.653,23227.38,36829.94,42885.12,4.61
2016-12-16,38.99,39.88,39.14,38.5,21456.89,0.34,0.88,39.452,43.189,43.891,28422.64,37892.46,44066.98,3.65
2016-12-15,38.38,39.88,38.8,38.38,23286.49,0.08,0.21,40.472,43.854,43.972,35306.93,38892.27,44712.78,3.97
2016-12-14,41.0,41.0,38.72,38.38,22506.18,-1.58,-3.92,42.144,44.654,44.019,40879.15,41466.76,44550.92,3.83
2016-12-13,39.52,41.25,40.3,39.52,21808.09,0.0,0.0,43.998,45.532,44.105,42531.35,45374.55,46002.01,3.71
2016-12-12,44.0,44.18,40.3,40.3,53055.54,-3.94,-8.91,45.544,46.002,44.023,50432.5,48746.56,45831.04,9.04
2016-12-09,45.65,46.18,44.24,43.08,55878.34,-2.92,-6.19,46.926,46.745,43.933,47362.28,52742.25,44412.16,9.52
2016-12-08,48.2,51.5,47.16,47.0,51147.58,-0.83,-1.73,47.236,46.853,43.655,42477.62,52797.19,42904.39,8.71
2016-12-07,47.79,48.23,47.99,47.01,30767.19,-0.04,-0.08,47.164,46.257,43.253,42054.37,50482.91,41045.61,5.24
2016-12-06,46.73,49.94,48.03,46.0,61313.83,0.82,1.74,47.066,45.635,42.779,48217.75,50506.54,40498.85,10.44
2016-12-05,45.2,48.6,47.21,44.8,37704.48,1.42,3.1,46.46,45.078,42.363,47060.63,48940.3,38071.74,6.42
2016-12-02,45.6,46.78,45.79,45.0,31455.01,-1.01,-2.16,46.564,44.593,41.983,58122.22,50241.5,36785.97,5.36
2016-12-01,46.7,48.78,46.8,46.06,49031.34,-0.7,-1.47,46.47,44.089,41.684,63116.77,50533.29,36383.5,8.35
2016-11-30,45.01,48.82,47.5,44.27,61584.1,2.5,5.56,45.35,43.384,41.287,58911.46,47635.08,34688.39,10.49
2016-11-29,48.0,48.09,45.0,45.0,55528.2,-2.73,-5.72,44.204,42.678,40.852,52795.33,46629.46,32319.91,9.46
2016-11-28,47.32,48.75,47.73,46.4,93012.46,2.41,5.32,43.696,42.044,40.607,50819.97,42915.52,30428.12,15.84
2016-11-25,41.16,45.32,45.32,40.42,56427.75,4.12,10.0,42.622,41.121,40.227,42360.77,36082.06,26558.93,9.61
2016-11-24,41.49,42.44,41.2,40.8,28004.78,-0.57,-1.36,41.708,40.457,39.99,37949.82,33011.59,25622.77,4.77
2016-11-23,42.34,43.16,41.77,41.65,31003.48,-0.69,-1.62,41.418,40.25,39.936,36358.7,31608.3,25748.17,5.28
2016-11-22,42.2,43.58,42.46,42.01,45651.36,0.1,0.24,41.152,39.922,39.802,40463.59,30491.16,25382.06,7.77
2016-11-21,40.9,43.0,42.36,40.9,50716.49,1.61,3.95,40.392,39.647,39.587,35011.08,27203.19,23948.1,8.64
2016-11-18,39.79,41.08,40.75,39.78,34372.97,1.0,2.52,39.62,39.372,39.399,29803.36,23330.44,22005.5,5.85
2016-11-17,40.08,40.1,39.75,39.39,20049.22,-0.69,-1.71,39.206,39.279,39.301,28073.37,22233.71,21071.05,3.41
2016-11-16,38.67,41.23,40.44,38.66,51527.92,1.78,4.6,39.082,39.189,39.263,26857.9,21741.7,21215.33,8.78
2016-11-15,38.45,38.89,38.66,38.2,18388.81,0.16,0.42,38.692,39.025,39.178,20518.73,18010.36,19692.96,3.13
2016-11-14,38.68,39.17,38.5,38.36,24677.87,-0.18,-0.47,38.902,39.169,39.23,19395.29,17940.72,19593.31,4.2
2016-11-11,39.12,39.36,38.68,37.82,25723.01,-0.45,-1.15,39.124,39.332,39.316,16857.52,17035.8,18893.12,4.38
2016-11-10,39.0,39.25,39.13,38.8,13971.87,0.64,1.66,39.352,39.523,39.407,16394.05,18233.95,18297.45,2.38
2016-11-09,39.88,39.88,38.49,38.4,19832.1,-1.22,-3.07,39.296,39.621,39.48,16625.51,19888.03,18488.81,3.38
2016-11-08,39.84,40.03,39.71,39.34,12771.61,0.1,0.25,39.358,39.681,39.558,15501.99,20272.96,18381.77,2.18
2016-11-07,39.5,39.94,39.61,39.46,11989.01,-0.21,-0.53,39.436,39.526,39.526,16486.15,20693.01,18397.53,2.04
2016-11-04,38.81,39.96,39.82,38.81,23405.67,0.97,2.5,39.54,39.426,39.489,17214.09,20680.57,18404.95,3.99
2016-11-03,38.82,39.25,38.85,38.5,15129.15,0.05,0.13,39.694,39.322,39.45,20073.84,19908.39,18157.53,2.58
2016-11-02,39.3,39.45,38.8,38.8,14214.5,-0.19,-0.49,39.946,39.337,39.458,23150.56,20688.96,18682.94,2.42
2016-10-28,40.29,41.0,40.1,40.04,17692.44,-0.03,-0.07,40.004,39.331,39.466,25043.94,21375.57,19808.01,3.01
2016-10-27,40.6,40.86,40.13,39.9,15628.68,-0.46,-1.13,39.616,39.291,39.524,24899.86,21245.9,20084.76,2.66
2016-10-26,40.01,41.18,40.59,39.63,37704.45,0.48,1.2,39.312,39.3,39.627,24147.05,20750.44,21076.59,6.42
2016-10-25,39.1,40.31,40.11,38.76,30512.71,1.02,2.61,38.95,39.291,39.695,19742.93,18360.95,21076.72,5.2
2016-10-24,38.16,39.12,39.09,37.95,23681.41,0.93,2.44,38.728,39.338,39.725,18227.36,17089.6,20442.33,4.03
2016-10-21,38.61,39.04,38.16,37.8,16972.04,-0.45,-1.17,38.658,39.434,39.828,17707.2,16490.58,20862.05,2.89
2016-10-20,38.42,39.08,38.61,38.42,11864.62,-0.17,-0.44,38.966,39.525,39.945,17591.95,16102.05,21873.16,2.02
2016-10-19,39.0,39.49,38.78,38.62,15683.89,-0.22,-0.56,39.288,39.551,39.988,17353.82,16129.34,21917.74,2.67
2016-10-18,38.74,39.0,39.0,38.36,22934.82,0.26,0.67,39.632,39.578,40.021,16978.97,16406.67,22493.25,3.91
2016-10-17,39.87,39.9,38.74,38.31,21080.62,-0.96,-2.42,39.948,39.578,40.075,15951.83,16676.92,22538.56,3.59
2016-10-14,40.3,40.8,39.7,39.4,16395.79,-0.52,-1.29,40.21,39.6,40.178,15273.96,18240.45,23016.38,2.79
2016-10-13,40.5,40.96,40.22,40.18,10674.0,-0.28,-0.69,40.084,39.756,40.177,14612.16,18923.62,23911.53,1.82
2016-10-12,40.3,40.79,40.5,40.05,13809.64,-0.08,-0.2,39.814,39.953,40.209,14904.86,21402.74,25640.44,2.35
2016-10-11,39.9,40.6,40.58,39.8,17799.12,0.53,1.32,39.524,40.098,40.131,15834.37,23792.49,26149.03,3.03
2016-10-10,39.68,40.24,40.05,39.21,17691.24,0.98,2.51,39.208,40.112,40.068,17402.01,23795.07,27589.24,3.01
2016-09-30,38.9,39.25,39.07,38.61,13086.8,0.2,0.52,38.99,40.222,40.114,21206.94,25233.52,28762.08,2.23
2016-09-29,39.48,39.48,38.87,38.8,12137.48,-0.18,-0.46,39.428,40.365,40.158,23235.08,27644.26,29572.62,2.07
2016-09-28,38.62,39.6,39.05,38.6,18457.22,0.05,0.13,40.092,40.424,40.196,27900.63,27706.13,30931.69,3.14
2016-09-27,39.0,39.54,39.0,38.15,25637.33,0.04,0.1,40.672,40.464,40.222,31750.61,28579.83,32219.26,4.37
2016-09-26,41.08,41.25,38.96,38.9,36715.88,-2.3,-5.57,41.016,40.571,40.294,30188.12,28400.2,33389.19,6.25
2016-09-23,42.3,42.3,41.26,41.19,23227.5,-0.93,-2.2,41.454,40.755,40.419,29260.09,27792.3,35732.47,3.96
2016-09-22,41.9,42.9,42.19,41.19,35465.23,0.24,0.57,41.302,40.598,40.458,32053.45,28899.45,38897.53,6.04
2016-09-21,40.9,42.84,41.95,40.53,37707.12,1.23,3.02,40.756,40.464,40.378,27511.63,29878.13,41008.8,6.42
2016-09-20,41.2,41.6,40.72,40.0,17824.85,-0.43,-1.04,40.256,40.164,40.348,25409.05,28505.57,42973.92,3.04
2016-09-19,40.7,41.79,41.15,40.55,32075.76,0.65,1.6,40.126,40.024,40.311,26612.28,31383.41,45679.15,5.46
2016-09-14,39.03,41.11,40.5,39.03,37194.27,1.04,2.64,40.056,40.006,40.165,26324.51,32290.64,46000.84,6.33
2016-09-13,39.75,39.76,39.46,39.05,12756.16,0.01,0.03,39.894,39.95,40.018,25745.45,31500.97,46554.56,2.17
2016-09-12,38.8,40.06,39.45,38.8,27194.23,-0.62,-1.55,40.172,39.968,39.852,32244.62,34157.25,47046.19,4.63
2016-09-09,40.6,40.79,40.07,39.7,23841.0,-0.73,-1.79,40.072,39.98,39.706,31602.08,35858.7,47442.6,4.06
2016-09-08,39.55,41.08,40.8,39.4,30636.88,1.11,2.8,39.922,40.016,39.462,36154.53,38378.18,47336.33,5.22
2016-09-07,40.8,41.6,39.69,39.63,34298.96,-1.16,-2.84,39.956,40.083,39.19,38256.78,43672.64,47256.33,5.84
2016-09-06,39.0,40.88,40.85,38.95,45252.04,1.9,4.88,40.006,40.317,39.011,37256.49,48895.62,46673.18,7.71
2016-09-05,39.32,39.44,38.95,38.53,23981.5,-0.37,-0.94,39.764,40.292,38.808,36069.88,52139.47,45582.14,4.08
2016-09-02,40.48,41.03,39.32,38.8,46603.26,-1.65,-4.03,39.888,40.532,38.662,40115.32,57442.28,45344.01,7.94
2016-09-01,40.02,41.76,40.97,39.63,41148.12,1.03,2.58,40.11,40.597,38.486,40601.83,59974.9,44547.01,7.01
2016-08-31,40.0,40.45,39.94,39.1,29297.51,0.3,0.76,40.21,40.323,38.191,49088.5,59711.03,43741.46,4.99
2016-08-30,39.69,40.63,39.64,39.5,39318.99,0.07,0.18,40.628,40.086,37.928,60534.76,61608.16,43846.88,6.7
2016-08-29,40.8,40.9,39.57,39.08,44208.7,-0.86,-2.13,40.82,39.736,37.729,68209.05,59935.12,42897.83,7.53
2016-08-26,41.68,42.28,40.43,40.23,49035.85,-1.04,-2.51,41.176,39.431,37.526,74769.25,59026.5,41881.11,8.35
2016-08-25,41.1,43.57,41.47,40.9,83581.47,-0.56,-1.33,41.084,38.908,37.315,79347.96,56294.48,41321.37,14.23
2016-08-24,40.75,43.76,42.03,39.24,86528.78,1.43,3.52,40.436,38.296,37.045,70333.56,50840.02,40247.67,14.74
2016-08-23,40.5,43.3,40.6,40.12,77690.47,-0.75,-1.81,39.544,37.704,36.834,62681.56,44450.74,38161.78,13.23
2016-08-22,40.0,43.63,41.35,39.97,77009.67,1.38,3.45,38.652,37.323,36.764,51661.19,39024.81,35244.97,13.12
2016-08-19,39.62,41.89,39.97,38.79,71929.43,1.74,4.55,37.686,36.792,36.656,43283.76,33245.73,32549.79,12.25
2016-08-18,37.3,38.49,38.23,37.01,38509.47,0.66,1.76,36.732,36.374,36.66,33240.99,29119.13,31728.14,6.56
2016-08-17,36.25,37.89,37.57,36.08,48268.76,1.43,3.96,36.156,36.058,36.718,31346.47,27771.88,31575.37,8.22
2016-08-16,36.21,36.78,36.14,35.9,22588.64,-0.38,-1.04,35.864,35.769,36.789,26219.92,26085.6,32024.61,3.85
2016-08-15,35.24,37.4,36.52,34.6,35122.48,1.32,3.75,35.994,35.723,36.917,26388.43,25860.53,33706.0,5.98
2016-08-12,35.06,35.42,35.2,34.55,21715.61,-0.15,-0.42,35.898,35.621,36.928,23207.7,24735.71,34023.22,3.7
2016-08-11,36.11,36.5,35.35,34.78,29036.85,-0.76,-2.1,36.016,35.721,37.058,24997.27,26348.26,36126.48,4.95
2016-08-10,36.65,37.16,36.11,35.95,22636.03,-0.68,-1.85,35.96,35.794,37.3,24197.29,29655.32,36312.79,3.86
2016-08-09,36.04,37.19,36.79,35.77,23431.16,0.75,2.08,35.674,35.963,37.502,25951.27,31872.82,38156.64,3.99
2016-08-08,35.12,36.3,36.04,34.82,19218.87,0.25,0.7,35.452,36.204,37.624,25332.64,31465.12,39384.96,3.27
2016-08-05,35.0,36.5,35.79,34.91,30663.43,0.72,2.05,35.344,36.52,37.743,26263.72,31853.85,40805.96,5.22
2016-08-04,34.68,35.5,35.07,34.4,25036.96,0.39,1.12,35.426,36.946,37.984,27699.26,34337.15,42935.69,4.26
2016-08-03,35.79,35.88,34.68,34.15,31405.93,-1.0,-2.8,35.628,37.377,38.281,35113.36,35378.85,49322.64,5.35
2016-08-02,35.58,36.35,35.68,35.35,20338.02,0.18,0.51,36.252,37.809,38.445,37794.36,37963.62,52111.96,3.46
2016-08-01,35.52,35.97,35.5,34.5,23874.27,-0.7,-1.93,36.956,38.111,38.511,37597.6,41551.47,53633.47,4.07
2016-07-29,36.0,36.69,36.2,34.43,37841.13,0.12,0.33,37.696,38.234,38.576,37443.97,43310.72,55087.67,6.44
2016-07-28,37.3,37.6,36.08,34.18,62107.45,-1.72,-4.55,38.466,38.394,38.585,40975.03,45904.7,55612.12,10.58
2016-07-27,39.74,40.51,37.8,36.78,44810.94,-1.4,-3.57,39.126,38.806,38.59,35644.34,42970.26,54352.63,7.63
2016-07-26,38.61,39.6,39.2,38.61,19354.23,0.0,0.0,39.366,39.041,38.507,38132.87,44440.46,54798.03,3.3
2016-07-25,40.05,40.59,39.2,38.72,23106.11,-0.85,-2.12,39.266,39.043,38.36,45505.33,47304.79,56960.18,3.94
2016-07-22,39.4,41.5,40.05,39.4,55496.43,0.67,1.7,38.772,38.965,38.225,49177.46,49758.06,59381.53,9.45
2016-07-21,39.1,40.29,39.38,38.4,35454.01,0.38,0.97,38.322,39.021,38.012,50834.36,51534.24,60924.89,6.04
2016-07-20,38.7,40.29,39.0,38.26,57253.57,0.3,0.78,38.486,39.185,37.899,50296.18,63266.44,66113.14,9.75
2016-07-19,37.1,38.98,38.7,37.1,56216.53,1.97,5.36,38.716,39.081,37.737,50748.05,66260.31,67629.32,9.57
2016-07-18,37.57,37.6,36.73,36.0,41466.78,-1.07,-2.83,38.82,38.911,37.427,49104.25,65715.47,69976.74,7.06
2016-07-15,40.2,40.2,37.8,37.79,63780.9,-2.4,-5.97,39.158,38.918,37.326,50338.66,66864.62,72797.16,10.86
2016-07-14,40.7,41.09,40.2,39.52,32763.1,0.05,0.12,39.72,38.776,37.014,52234.12,65319.54,72829.45,5.58
2016-07-13,39.04,40.89,40.15,39.04,59512.95,0.93,2.37,39.884,38.373,36.598,76236.69,65735.01,75438.59,10.14
2016-07-12,38.45,39.69,39.22,36.8,47997.54,0.8,2.08,39.446,37.972,36.146,81772.57,65155.61,76863.27,8.17
2016-07-11,40.5,40.79,38.42,38.3,47638.82,-2.19,-5.39,39.002,37.678,35.637,82326.69,66615.57,79288.78,8.11
2016-07-08,39.99,41.66,40.61,39.5,73258.18,-0.41,-1.0,38.678,37.484,35.259,83390.57,69005.0,84880.31,12.48
2016-07-07,37.08,41.76,41.02,37.07,152775.98,3.06,8.06,37.832,37.003,34.901,78404.96,70315.54,86355.86,26.02
2016-07-06,37.1,40.29,37.96,37.1,87192.34,0.96,2.6,36.862,36.612,34.37,55233.32,68959.85,83192.03,14.85
2016-07-05,36.8,37.83,37.0,36.48,50768.14,0.2,0.54,36.498,36.392,33.91,48538.64,68998.32,80620.01,8.65
2016-07-04,35.8,36.88,36.8,34.8,52958.23,0.42,1.15,36.354,35.943,33.495,50904.45,74238.01,80636.35,9.02
2016-07-01,35.92,38.05,36.38,35.92,48330.11,0.21,0.58,36.29,35.734,33.102,54619.43,78729.7,80460.55,8.23
2016-06-30,36.13,36.4,36.17,35.25,36917.79,0.03,0.08,36.174,35.251,32.709,62226.11,80339.35,80986.61,6.29
2016-06-29,36.44,37.7,36.14,35.8,53718.95,-0.14,-0.39,36.362,34.822,32.313,82686.39,85142.18,82427.76,9.01
2016-06-28,35.86,36.7,36.28,34.91,62597.15,-0.2,-0.55,36.286,34.319,31.863,89458.0,88570.93,81657.3,10.5
2016-06-27,35.28,37.35,36.48,35.22,71533.14,0.68,1.9,35.532,33.596,31.367,97571.57,91962.0,80668.07,11.99
2016-06-24,36.8,36.99,35.8,34.35,86363.53,-1.31,-3.53,35.178,33.033,30.882,102839.98,100755.62,81095.86,14.48
2016-06-23,36.29,38.29,37.11,35.05,139219.16,1.35,3.77,34.328,32.798,30.475,98452.59,102396.18,81956.93,23.34
2016-06-22,32.5,35.76,35.76,32.0,87577.04,3.25,10.0,33.282,32.128,30.023,87597.97,97424.2,78168.32,14.68
2016-06-21,35.18,35.58,32.51,32.51,103164.97,-2.2,-6.34,32.352,31.428,29.51,87683.85,92241.69,75129.76,17.3
2016-06-20,31.22,34.71,34.71,31.22,97875.19,3.16,10.02,31.66,31.047,29.144,86352.42,87034.68,71109.06,16.41
2016-06-17,31.9,32.97,31.55,31.01,64426.59,-0.33,-1.03,30.888,30.469,28.635,98671.26,82191.39,67809.43,10.8
2016-06-16,30.8,33.05,31.88,30.6,84946.06,0.77,2.48,31.268,30.167,28.267,106339.77,81633.87,66512.55,14.24
2016-06-15,28.15,31.88,31.11,28.11,88006.44,2.06,7.09,30.974,29.804,27.969,107250.44,79713.34,64207.75,14.76
2016-06-14,29.99,30.48,29.05,28.4,96507.84,-1.8,-5.83,30.504,29.407,27.676,96799.54,74743.67,60820.32,16.18
2016-06-13,34.09,35.0,30.85,30.85,159469.38,-2.6,-7.77,30.434,29.138,27.456,87716.94,69374.15,57067.76,26.74
2016-06-08,30.7,33.45,33.45,30.43,102769.15,3.04,10.0,30.05,28.731,27.162,65711.52,61436.1,50514.19,17.23
2016-06-07,28.78,30.6,30.41,28.06,89499.37,1.65,5.74,29.066,28.152,26.749,56927.96,61517.68,47100.5,15.01
2016-06-06,28.94,29.31,28.76,28.45,35751.94,0.06,0.21,28.634,27.917,26.511,52176.24,58912.43,44606.96,5.99
2016-06-03,28.88,29.3,28.7,28.43,51094.88,-0.18,-0.62,28.31,27.592,26.393,52687.8,58017.83,44955.73,8.57
2016-06-02,28.44,28.98,28.93,28.29,49442.25,0.4,1.4,27.842,27.24,26.364,51031.36,55183.44,45818.68,8.29
2016-06-01,28.19,28.97,28.53,28.08,58851.35,0.28,0.99,27.412,26.8,26.394,57160.68,53427.48,47374.68,9.87
2016-05-31,26.97,28.5,28.25,26.81,65740.77,1.11,4.09,27.238,26.367,26.484,66107.4,51391.23,50193.11,11.02
2016-05-30,26.1,27.15,27.14,25.3,38309.76,0.78,2.96,27.2,26.134,26.532,65648.62,48702.16,48255.08,6.42
2016-05-27,26.3,26.84,26.36,26.15,42812.68,-0.42,-1.57,26.874,25.944,26.502,63347.85,46896.97,47005.28,7.18
2016-05-26,27.2,27.4,26.78,25.2,80088.85,-0.88,-3.18,26.638,25.774,26.532,59335.52,44761.37,46435.35,13.43
2016-05-25,28.06,28.98,27.66,27.39,103584.94,-0.4,-1.43,26.188,25.592,26.508,49694.27,39592.28,43381.05,17.37
2016-05-24,26.77,28.06,28.06,26.75,63446.88,2.55,10.0,25.496,25.346,26.472,36675.06,32683.33,39222.85,10.64
2016-05-23,25.3,25.9,25.51,25.13,26805.91,0.33,1.31,25.068,25.104,26.407,31755.7,30301.49,37289.71,4.49
2016-05-20,24.2,25.19,25.18,24.1,22751.01,0.65,2.65,25.014,25.193,26.451,30446.1,31893.64,37514.05,3.81
2016-05-19,24.2,25.65,24.53,24.2,31882.6,0.33,1.36,24.91,25.488,26.488,30187.22,36453.92,38374.6,5.35
2016-05-18,25.38,25.9,24.2,23.68,38488.92,-1.72,-6.64,24.996,25.987,26.607,29490.29,41321.89,40296.05,6.45
2016-05-17,25.3,26.5,25.92,25.28,38850.05,0.68,2.69,25.196,26.601,26.89,28691.6,48994.98,39996.53,6.51
2016-05-16,24.51,25.29,25.24,24.45,20257.9,0.58,2.35,25.14,26.93,27.094,28847.28,47808.01,40137.42,3.4
2016-05-13,24.7,25.34,24.66,24.32,21456.61,-0.3,-1.2,25.372,27.061,27.384,33341.18,47113.58,42691.28,3.6
2016-05-12,24.69,25.0,24.96,23.81,28397.96,-0.24,-0.95,26.066,27.289,27.641,42720.63,48109.34,43508.53,4.76
2016-05-11,25.98,26.09,25.2,25.1,34495.46,-0.44,-1.72,26.978,27.423,27.854,53153.49,47169.82,44757.46,5.78
2016-05-10,26.4,27.2,25.64,25.5,39628.49,-0.76,-2.88,28.006,27.597,28.019,69298.36,45762.36,45236.3,6.64
2016-05-09,27.51,27.8,26.4,26.11,42727.4,-1.73,-6.15,28.72,27.71,28.216,66768.73,44277.93,44954.17,7.16
2016-05-06,29.56,29.86,28.13,28.05,68353.84,-1.39,-4.71,28.75,27.709,28.311,60885.97,43134.46,44569.29,11.46
2016-05-05,29.9,30.2,29.52,29.28,80562.25,-0.82,-2.7,28.512,27.487,28.36,53498.05,40295.27,43286.3,13.51
2016-05-04,31.0,31.0,30.34,29.8,115219.84,1.13,3.87,27.868,27.227,28.399,41186.15,39270.21,42414.54,19.32
2016-05-03,26.73,29.21,29.21,26.6,26980.31,2.66,10.02,27.188,27.179,28.36,22226.36,30998.08,38970.27,4.52
2016-04-29,26.69,26.98,26.55,26.39,13313.62,-0.39,-1.45,26.7,27.258,28.317,21787.12,32466.83,40198.83,2.23
2016-04-28,26.38,27.0,26.94,25.9,31414.23,0.64,2.43,26.668,27.707,28.457,25382.95,38268.98,42061.37,5.27
2016-04-27,26.84,26.95,26.3,26.3,19002.75,-0.64,-2.38,26.462,27.993,28.579,27092.49,38907.73,42821.11,3.19
2016-04-26,26.58,26.95,26.94,26.27,20420.87,0.17,0.64,26.586,28.285,28.641,37354.27,42345.1,43741.82,3.42
2016-04-25,26.0,26.95,26.77,25.91,24784.15,0.38,1.44,27.17,28.441,28.707,39769.8,44710.24,44859.68,4.16
2016-04-22,25.51,26.63,26.39,25.35,31292.76,0.48,1.85,27.816,28.722,28.804,43146.53,45630.41,45553.83,5.5
2016-04-21,26.8,26.86,25.91,25.9,39961.94,-1.01,-3.75,28.746,28.913,28.926,51155.01,46004.11,46781.61,7.02
2016-04-20,29.89,30.08,26.92,26.87,70311.62,-2.94,-9.85,29.524,29.232,29.148,50722.96,46277.33,47632.58,12.35
2016-04-19,30.15,30.48,29.86,29.53,32498.51,-0.14,-0.47,29.984,29.57,29.293,47335.94,45558.87,47923.97,5.71
2016-04-18,30.5,30.5,30.0,29.5,41667.81,-1.04,-3.35,29.712,29.541,29.285,49650.68,46942.47,51779.2,7.32
2016-04-15,29.98,31.21,31.04,29.76,71335.18,1.24,4.16,29.628,29.376,29.228,48114.29,47930.84,54342.49,12.53
2016-04-14,29.51,29.85,29.8,29.11,37801.66,0.58,1.99,29.08,29.207,29.079,40853.21,45853.76,55782.63,6.64
2016-04-13,28.75,29.95,29.22,28.7,53376.52,0.72,2.53,28.94,29.164,28.934,41831.71,46734.5,59241.9,9.38
2016-04-12,29.5,29.5,28.5,27.95,44072.21,-1.08,-3.65,29.156,28.996,28.87,43781.8,45138.54,61989.5,7.74
2016-04-11,28.3,29.6,29.58,28.29,33985.88,1.28,4.52,29.37,28.973,28.715,44234.27,45009.11,63739.18,5.97
2016-04-08,28.5,28.91,28.3,27.8,35029.76,-0.8,-2.75,29.124,28.885,28.437,47747.38,45477.25,66034.51,6.15
2016-04-07,30.3,30.55,29.1,29.06,42694.18,-1.2,-3.96,29.334,28.938,28.243,50854.32,47559.11,69823.83,7.5
2016-04-06,29.45,30.73,30.3,29.2,63126.97,0.73,2.47,29.388,29.064,27.954,51637.28,48987.82,69695.18,11.09
2016-04-05,28.33,29.65,29.57,28.16,46334.55,1.22,4.3,28.836,29.015,27.629,46495.28,50289.07,69097.08,8.14
2016-04-01,28.96,29.16,28.35,27.73,51551.44,-1.0,-3.41,28.576,29.028,27.319,45783.96,56615.93,69028.46,9.06
2016-03-31,29.45,30.34,29.35,29.35,50564.46,-0.02,-0.07,28.646,29.079,27.037,43207.12,60754.15,70063.73,8.88
2016-03-30,27.87,29.42,29.37,27.83,46609.0,1.83,6.64,28.542,28.95,26.827,44263.9,65711.49,70780.87,8.19
2016-03-29,28.4,28.87,27.54,27.21,37416.97,-0.73,-2.58,28.74,28.704,26.635,46338.36,71749.3,71887.43,6.57
2016-03-28,28.66,29.75,28.27,28.17,42777.93,-0.43,-1.5,29.194,28.744,26.488,54082.85,78840.46,72785.66,7.52
2016-03-25,28.5,29.35,28.7,28.29,38667.22,-0.13,-0.45,29.48,28.457,26.222,67447.91,82469.25,73792.8,6.79
2016-03-24,29.78,30.04,28.83,28.82,55848.4,-1.53,-5.04,29.512,27.989,26.052,78301.19,86591.78,76212.13,9.81
2016-03-23,29.3,30.47,30.36,29.11,56981.27,0.55,1.84,29.358,27.547,26.012,87159.08,92088.54,76843.95,10.01
2016-03-22,29.3,30.93,29.81,28.6,76139.44,0.11,0.37,28.668,26.843,26.05,97160.23,90402.54,81264.09,13.38
2016-03-21,29.8,31.25,29.7,29.0,109603.21,0.84,2.91,28.294,26.242,26.087,103598.07,87905.09,81041.79,19.25
2016-03-18,28.04,29.5,28.86,27.68,92933.62,0.8,2.85,27.434,25.61,25.99,97490.6,81440.98,77826.65,16.33
2016-03-17,26.75,28.66,28.06,26.61,100137.84,1.15,4.27,26.466,24.994,25.897,94882.37,79373.31,74701.76,17.59
2016-03-16,27.97,28.2,26.91,26.41,106987.06,-1.03,-3.69,25.736,24.704,25.831,97018.0,75850.25,71994.7,18.8
2016-03-15,25.02,27.94,27.94,24.89,108328.6,2.54,10.0,25.018,24.566,25.868,83644.84,72025.57,68689.66,19.03
2016-03-14,24.64,26.08,25.4,24.35,79065.87,1.38,5.75,24.19,24.232,25.833,72212.12,66730.86,65206.3,13.89
2016-03-11,23.46,24.35,24.02,22.55,79892.49,-0.39,-1.6,23.786,23.987,25.854,65391.35,65116.35,62908.32,14.04
2016-03-10,24.32,25.65,24.41,24.01,110815.99,1.09,4.67,23.522,24.115,25.91,63864.25,65832.47,60395.05,19.47
2016-03-09,23.0,24.13,23.32,22.72,40121.26,-0.48,-2.02,23.672,24.476,25.984,54682.5,61599.35,57329.33,7.05
2016-03-08,23.45,23.99,23.8,21.26,51165.0,0.42,1.8,24.114,25.257,26.049,60406.29,72125.65,56510.76,8.99
2016-03-07,22.8,24.3,23.38,22.8,44962.03,0.68,3.0,24.274,25.931,26.103,61249.59,74178.48,55384.92,7.9
2016-03-04,24.72,25.0,22.7,22.64,72256.98,-2.46,-9.78,24.188,26.369,26.112,64841.35,74212.33,54271.34,12.69
2016-03-03,25.01,26.08,25.16,25.01,64907.22,-0.37,-1.45,24.708,26.799,26.2,67800.69,70030.2,52410.86,11.4
2016-03-02,24.7,25.9,25.53,24.29,68740.24,0.93,3.78,25.28,26.957,26.099,68516.21,68139.15,51108.78,12.08
2016-03-01,23.2,25.0,24.6,22.51,55381.47,1.65,7.19,26.4,27.169,26.051,83845.0,65353.75,51091.24,9.73
2016-02-29,24.5,24.8,22.95,22.77,62920.85,-2.35,-9.29,27.588,27.434,26.081,87107.37,63681.75,50247.98,11.05
2016-02-26,26.7,27.5,25.3,25.22,87053.66,-2.72,-9.71,28.55,27.72,26.334,83583.3,60700.29,48822.53,15.29
2016-02-25,30.18,30.49,28.02,28.02,68484.82,-3.11,-9.99,28.89,27.704,26.47,72259.71,54957.62,46099.65,12.03
2016-02-24,31.3,32.68,31.13,30.9,145384.19,0.59,1.93,28.634,27.492,26.429,67762.1,53059.31,44788.18,25.54
2016-02-23,27.78,30.54,30.54,27.78,71693.35,2.78,10.01,27.938,26.841,26.298,46862.49,40895.87,39920.65,12.59
2016-02-22,27.3,27.85,27.76,26.97,45300.49,0.76,2.81,27.28,26.275,26.233,40256.13,36591.37,39218.91,7.96
2016-02-19,26.5,27.36,27.0,26.45,30435.72,0.26,0.97,26.89,25.854,26.217,37817.27,34330.36,39044.76,5.35
2016-02-18,27.65,27.95,26.74,26.62,45996.75,-0.91,-3.29,26.518,25.6,26.189,37655.53,34791.51,40051.52,8.08
2016-02-17,26.98,27.78,27.65,26.4,40886.16,0.4,1.47,26.35,25.241,26.311,38356.52,34078.4,40572.87,7.18
2016-02-16,26.06,27.48,27.25,26.06,38661.53,1.44,5.58,25.744,24.932,26.286,34929.24,36828.74,41906.47,6.79
2016-02-15,23.57,26.3,25.81,23.57,33106.21,0.67,2.67,25.27,24.728,26.381,32926.6,36814.2,43303.6,5.82
2016-02-05,25.58,25.7,25.14,25.14,29627.0,-0.76,-2.93,24.818,24.948,26.711,30843.45,36944.77,43382.52,5.2
2016-02-04,24.57,26.22,25.9,24.57,49501.72,1.28,5.2,24.682,25.236,27.254,31927.5,37241.68,45403.66,8.7
2016-02-03,24.51,25.29,24.62,24.11,23749.76,-0.26,-1.04,24.132,25.366,27.817,29800.27,36517.04,43409.02,4.17
2016-02-02,23.6,25.08,24.88,23.6,28648.32,1.33,5.65,24.12,25.755,28.651,38728.24,38945.44,44921.33,5.03
2016-02-01,24.22,24.58,23.55,23.1,22690.43,-0.91,-3.72,24.186,26.19,29.469,40701.8,41846.45,46819.47,3.99
2016-01-29,22.89,25.0,24.46,22.33,35047.25,1.31,5.66,25.078,26.58,30.475,43046.09,43759.16,47377.06,6.16
2016-01-28,23.7,24.22,23.15,22.36,38865.59,-1.41,-5.74,25.79,26.777,31.679,42555.86,45311.53,48616.76,6.83
2016-01-27,25.0,25.44,24.56,22.69,68389.62,-0.65,-2.58,26.6,27.38,32.948,43233.81,47067.35,49665.82,12.01
2016-01-26,27.52,27.55,25.21,25.21,38516.1,-2.8,-10.0,27.39,27.639,34.07,39162.64,46984.19,49110.3,6.77
2016-01-25,28.28,28.85,28.01,27.6,34411.89,-0.01,-0.04,28.194,28.034,35.054,42991.11,49792.99,49754.83,6.05
2016-01-22,27.79,28.19,28.02,26.71,32596.12,0.82,3.02,28.082,28.473,35.977,44472.23,49820.27,50291.8,5.73
2016-01-21,27.52,29.16,27.2,27.07,42255.33,-1.31,-4.59,27.764,29.271,36.851,48067.19,53565.63,51087.97,7.42
2016-01-20,28.51,29.4,28.51,28.0,48033.75,-0.72,-2.46,28.16,30.268,37.711,50900.89,50301.0,52320.5,8.44
2016-01-19,27.4,29.49,29.23,26.75,57658.45,1.78,6.49,27.888,31.547,38.715,54805.74,50897.22,53516.93,10.13
2016-01-18,25.6,28.39,27.45,25.41,41817.49,1.02,3.86,27.874,32.747,39.569,56594.88,51792.48,56876.48,7.35
2016-01-15,28.4,28.9,26.43,26.26,50570.93,-2.75,-9.42,28.864,34.37,40.54,55168.32,50994.97,57729.78,8.88
2016-01-14,26.0,29.6,29.18,25.18,56423.85,2.03,7.48,30.778,36.58,41.35,59064.08,51921.99,61432.39,9.91
2016-01-13,27.71,29.49,27.15,27.0,67557.98,-2.01,-6.89,32.376,38.515,41.887,49701.11,52264.28,61525.95,11.87
2016-01-12,31.11,31.86,29.16,29.16,66604.15,-3.24,-10.0,35.206,40.5,42.345,46988.71,51236.42,60091.93,11.7
2016-01-11,34.5,34.5,32.4,32.4,34684.69,-3.6,-10.0,37.62,42.074,42.694,46990.07,49716.67,59104.46,6.09
2016-01-08,37.4,37.68,36.0,33.58,70049.73,-1.17,-3.15,39.876,43.48,42.813,46821.61,50763.33,58944.31,12.31
2016-01-07,39.98,40.0,37.17,37.17,9609.0,-4.13,-10.0,42.382,44.43,42.705,44779.9,48610.31,56590.03,1.69
2016-01-06,41.01,42.47,41.3,38.9,53995.97,0.07,0.17,44.654,45.153,42.546,54827.45,54339.99,57441.46,9.49
2016-01-05,40.6,44.98,41.23,39.31,66610.98,-2.45,-5.61,45.794,45.883,42.246,55484.13,56136.64,56352.6,11.7
2016-01-04,48.7,48.8,43.68,43.68,33842.39,-4.85,-9.99,46.528,46.39,42.033,52443.27,61960.49,54673.5,5.95
2015-12-31,48.2,51.78,48.53,44.0,59841.16,0.0,0.0,47.084,46.71,41.604,54705.04,64464.59,54174.5,10.51
2015-12-30,46.5,48.97,48.53,46.34,59846.74,1.53,3.25,46.478,46.119,40.946,52440.72,70942.79,52527.68,8.68
2015-12-29,44.6,47.88,47.0,42.61,57279.36,2.1,4.68,45.652,45.259,40.22,53852.53,70787.62,50832.72,8.31
2015-12-28,46.1,48.46,44.9,44.8,51406.71,-1.56,-3.36,45.972,44.189,39.623,56789.15,68947.44,49284.92,7.46
2015-12-25,45.25,48.0,46.46,44.18,45151.23,0.96,2.11,46.252,43.314,39.153,71477.71,68492.25,49029.89,6.55
2015-12-24,44.0,45.85,45.5,42.95,48519.58,1.1,2.48,46.336,42.146,38.642,74224.14,67125.29,49040.86,7.04
2015-12-23,47.06,47.78,44.4,43.82,66905.77,-4.2,-8.64,45.76,40.981,38.379,89444.86,64569.74,49420.29,9.71
2015-12-22,47.58,50.0,48.6,46.31,71962.47,2.3,4.97,44.866,39.939,38.182,87722.71,60542.94,48815.68,10.44
2015-12-21,47.22,49.8,46.3,44.64,124849.51,-0.58,-1.24,42.406,38.609,37.732,81105.72,56568.55,47348.34,18.11
2015-12-18,44.05,46.88,46.88,44.05,58883.35,4.26,9.99,40.376,37.676,37.325,65506.79,47386.51,43567.35,8.54
2015-12-17,41.89,43.8,42.62,40.01,124623.19,2.69,6.74,37.956,36.497,36.901,60026.44,43884.41,43269.03,18.08
2015-12-16,36.36,39.93,39.93,36.36,58295.05,3.63,10.0,36.202,35.773,36.665,39694.62,34112.56,38822.89,8.46
2015-12-15,35.5,36.77,36.3,35.46,38877.51,0.15,0.41,35.012,35.181,36.499,33363.16,30877.83,37506.29,5.64
2015-12-14,35.08,36.48,36.15,35.05,46854.83,1.37,3.94,34.812,35.057,36.585,32031.38,29622.41,38759.74,6.8
2015-12-11,33.85,35.35,34.78,33.5,31481.61,0.93,2.75,34.976,34.992,36.735,29266.23,29567.52,39244.55,4.57
2015-12-10,33.95,34.7,33.85,33.77,22964.1,-0.13,-0.38,35.038,35.137,36.889,27742.37,30956.44,41466.55,3.33
2015-12-09,35.0,35.42,33.98,33.7,26637.75,-1.32,-3.74,35.344,35.777,37.271,28530.5,34270.84,45597.15,3.86
2015-12-08,36.0,36.55,35.3,35.0,32218.63,-1.67,-4.52,35.35,36.425,37.617,28392.5,37088.43,47353.67,4.67
2015-12-07,35.11,37.34,36.97,35.11,33029.04,1.88,5.36,35.302,36.855,37.811,27213.44,38128.13,48609.57,4.79
2015-12-04,35.04,35.91,35.09,34.5,23862.35,-0.29,-0.82,35.008,36.974,37.956,29868.82,39748.19,51169.93,3.46
2015-12-03,34.01,35.44,35.38,34.0,26904.73,1.37,4.03,35.236,37.304,38.132,34170.51,42653.66,53391.59,3.9
2015-12-02,35.01,35.12,34.01,32.5,25947.73,-1.05,-3.0,36.21,37.556,38.118,40011.18,43533.23,53792.96,3.76
2015-12-01,34.9,35.78,35.06,34.0,26323.35,-0.44,-1.24,37.5,37.816,38.188,45784.36,44134.76,54050.13,3.82
2015-11-30,36.2,36.73,35.5,32.7,46305.95,-0.73,-2.02,38.408,38.112,38.085,49042.82,47897.07,53704.6,6.72
2015-11-27,39.98,40.25,36.23,36.23,45370.77,-4.02,-9.99,38.94,38.478,37.96,49627.56,48921.57,52931.44,6.58
2015-11-26,40.5,41.54,40.25,39.5,56108.09,-0.21,-0.52,39.372,38.64,37.832,51136.82,51976.66,52397.83,8.14
2015-11-25,39.6,40.98,40.46,39.1,54813.64,0.86,2.17,38.902,38.765,37.55,47055.27,56923.47,51141.05,7.95
2015-11-24,38.5,39.66,39.6,37.86,42615.65,1.44,3.77,38.132,38.809,37.227,42485.16,57618.92,50400.18,6.18
2015-11-23,38.45,39.9,38.16,38.0,49229.65,-0.23,-0.6,37.816,38.767,37.036,46751.32,59091.02,51164.09,7.14
2015-11-20,38.0,38.66,38.39,37.08,52917.06,0.49,1.29,38.016,38.937,36.946,48215.58,62591.67,52464.46,7.68
2015-11-19,36.83,37.96,37.9,36.61,35700.37,1.29,3.52,37.908,38.959,36.768,52816.5,64129.52,52256.1,5.18
2015-11-18,38.15,38.5,36.61,36.6,31963.08,-1.41,-3.71,38.628,38.679,36.554,66791.66,64052.69,52510.29,4.64
2015-11-17,39.67,40.71,38.02,37.46,63946.42,-1.14,-2.91,39.486,38.56,36.384,72752.68,63965.49,53460.81,9.28
2015-11-16,36.8,39.33,39.16,36.21,56550.98,1.31,3.46,39.718,38.058,36.328,71430.72,59512.13,53636.98,8.2
2015-11-13,40.58,40.58,37.85,37.36,75921.64,-3.65,-8.79,39.858,37.442,36.097,76967.76,56941.31,53110.55,11.01
2015-11-12,41.02,42.8,41.5,39.61,105576.18,0.6,1.47,40.01,37.024,35.897,75442.54,52819.01,51227.6,15.32
2015-11-11,39.0,41.88,40.9,38.6,61768.16,1.72,4.39,38.73,36.334,35.539,61313.71,45358.63,48745.71,8.96
2015-11-10,38.86,39.48,39.18,38.0,57336.62,-0.68,-1.71,37.634,35.644,35.16,55178.31,43181.45,47943.4,8.32
2015-11-09,38.61,40.38,39.86,37.41,84236.18,1.25,3.24,36.398,35.305,34.941,47593.55,43237.16,46952.33,12.22
2015-11-06,35.22,38.61,38.61,35.22,68295.54,3.51,10.0,35.026,34.955,34.67,36914.86,42337.24,43385.65,9.91
2015-11-05,35.69,35.74,35.1,34.12,34932.06,-0.32,-0.9,34.038,34.576,34.305,30195.48,40382.68,41557.99,5.07
2015-11-04,33.39,35.6,35.42,33.39,31091.14,2.42,7.33,33.938,34.429,34.015,29403.54,40967.9,41018.09,4.51
2015-11-03,33.3,33.67,33.0,32.05,19412.81,0.0,0.0,33.654,34.208,33.664,31184.58,42956.12,39478.98,2.82
2015-11-02,31.85,34.78,33.0,31.84,30842.74,-0.67,-1.99,34.212,34.598,33.419,38880.77,47761.82,39176.47,4.47
2015-10-30,34.41,34.58,33.67,32.5,34698.67,-0.93,-2.69,34.884,34.752,33.166,47759.63,49279.79,38679.61,5.03
2015-10-29,34.78,35.49,34.6,33.58,30972.35,0.6,1.76,35.114,34.769,32.947,50569.88,49636.19,38355.52,4.49
2015-10-28,35.45,36.68,34.0,33.3,39996.35,-1.79,-5.0,34.92,34.744,32.642,52532.25,52132.8,38299.24,5.8
2015-10-27,36.19,36.19,35.79,33.0,57893.75,-0.57,-1.57,34.762,34.676,32.447,54727.65,52705.34,38013.15,8.4
2015-10-26,35.64,37.5,36.36,34.7,75237.01,1.54,4.42,34.984,34.577,32.113,56642.87,50667.51,36877.05,10.92
2015-10-23,33.7,35.1,34.82,33.1,48749.95,1.19,3.54,34.62,34.385,31.74,50799.95,44434.05,35286.09,7.07
2015-10-22,31.96,34.6,33.63,31.91,40784.21,0.42,1.26,34.424,34.034,31.369,48702.49,42733.3,34924.82,5.92
2015-10-21,36.48,36.5,33.21,33.21,50973.35,-3.69,-10.0,34.568,33.601,30.992,51733.34,41068.28,34419.1,7.4
2015-10-20,34.74,37.48,36.9,34.49,67469.84,2.36,6.83,34.59,33.12,30.541,50683.04,36001.85,33669.22,9.79
2015-10-19,33.12,34.97,34.54,33.12,46022.42,0.7,2.07,34.17,32.24,29.906,44692.15,30591.11,31860.77,6.68
2015-10-16,34.56,34.86,33.84,33.0,38262.63,-0.51,-1.49,34.15,31.579,29.278,38068.15,28079.43,30639.25,5.55
2015-10-15,32.63,34.54,34.35,32.47,55938.48,1.03,3.09,33.644,31.125,28.808,36764.11,27074.86,29833.08,8.12
2015-10-14,34.88,35.0,33.32,33.09,45721.81,-1.48,-4.25,32.634,30.54,28.447,30403.22,24465.68,29226.56,6.63
2015-10-13,34.7,36.49,34.8,34.0,37515.4,0.36,1.04,31.65,30.218,28.105,21320.65,23320.95,29980.64,5.44
2015-10-12,31.34,34.44,34.44,31.3,12902.44,3.13,10.0,30.31,29.648,27.621,16490.08,23086.6,28628.39,1.87
2015-10-09,29.3,31.85,31.31,28.81,31742.4,2.01,6.86,29.008,29.094,27.04,18090.71,26138.14,29148.72,10.58
2015-10-08,29.49,29.9,29.3,28.48,24134.03,1.2,4.27,28.606,28.704,26.512,17385.6,27116.35,28295.81,8.04
2015-10-07,28.2,28.62,28.4,28.2,309.0,0.3,1.07,28.446,28.382,26.043,18528.14,27769.91,27825.19,0.1
2015-09-30,28.19,28.8,28.1,27.65,13362.51,0.17,0.61,28.786,27.962,25.69,25321.25,31336.59,28580.32,4.45
2015-09-29,28.23,28.77,27.93,27.46,20905.61,-1.37,-4.68,28.986,27.571,25.471,29683.12,33130.43,28805.65,6.97
2015-09-28,28.44,29.9,29.3,27.25,28216.87,0.8,2.81,29.18,26.977,25.393,34185.56,33199.07,29129.74,9.41
2015-09-25,30.52,30.52,28.5,27.2,29846.73,-1.6,-5.32,28.802,26.49,25.133,36847.09,32591.3,28891.7,9.95
2015-09-24,29.15,30.58,30.1,29.15,34274.54,1.0,3.44,28.318,26.354,24.873,37011.68,33987.43,29091.06,11.42
2015-09-23,27.8,29.19,29.1,27.58,35171.84,0.2,0.69,27.138,25.992,24.605,37351.93,36640.34,28029.33,11.72
2015-09-22,27.57,29.52,28.9,27.07,43417.82,1.49,5.44,26.156,25.593,24.524,36577.75,34170.18,26702.29,14.47
2015-09-21,25.12,27.98,27.41,25.0,41524.5,1.33,5.1,24.774,24.986,24.606,32212.58,32159.31,25270.77,13.84
2015-09-18,24.29,26.29,26.08,24.0,30669.68,1.88,7.77,24.178,24.32,24.912,28335.51,29475.28,24548.31,10.22
2015-09-17,24.7,26.45,24.2,24.02,35975.83,0.01,0.04,24.39,23.703,25.285,30963.18,27880.48,24070.24,11.99
2015-09-16,22.15,24.19,24.19,22.15,31300.9,2.2,10.01,24.846,23.418,25.724,35928.74,25824.05,23403.45,10.43
2015-09-15,22.4,23.19,21.99,21.99,21592.0,-2.44,-9.99,25.03,23.371,26.347,31762.61,24480.87,22777.71,7.2
2015-09-14,26.8,27.0,24.43,24.43,22139.13,-2.71,-9.98,25.198,23.808,27.12,32106.05,25060.41,23052.82,7.38
2015-09-11,25.5,27.9,27.14,25.48,43808.06,0.66,2.49,24.462,23.776,27.772,30615.05,25192.11,23070.57,14.6
2015-09-10,26.0,27.3,26.48,25.56,60803.6,1.37,5.46,23.016,23.391,28.19,24797.77,24194.68,21990.48,20.27
2015-09-09,25.11,25.11,25.11,24.6,10470.28,2.28,9.99,21.99,23.217,28.737,15719.37,19418.32,20470.77,3.49
2015-09-08,21.0,22.83,22.83,20.55,23309.16,2.08,10.02,21.712,23.455,29.336,17199.13,19234.39,21206.57,7.77
2015-09-07,20.8,21.71,20.75,20.35,14684.17,0.84,4.22,22.418,24.226,29.91,18014.77,18382.23,21332.55,4.89
2015-09-02,19.99,22.45,19.91,19.45,14721.65,-1.44,-6.75,23.09,25.504,30.475,19769.16,19621.34,21377.04,4.91
2015-09-01,23.31,23.32,21.35,21.35,15411.58,-2.37,-9.99,23.766,26.866,31.128,23591.6,20260.0,21998.86,5.14
2015-08-31,26.0,26.01,23.72,23.72,17869.08,-2.64,-10.02,24.444,28.03,31.693,23117.28,20982.86,22468.79,5.96
2015-08-28,24.6,26.51,26.36,23.86,27387.35,2.25,9.33,25.198,29.323,31.993,21269.66,21074.54,23024.36,9.13
2015-08-27,24.2,24.8,24.11,22.01,23456.13,0.82,3.52,26.034,30.431,32.326,18749.69,21045.23,22751.6,7.82
2015-08-26,25.0,26.51,23.29,22.28,33833.84,-1.45,-5.86,27.918,31.768,32.88,19473.53,20949.04,23089.0,11.28
2015-08-25,24.74,26.12,24.74,24.74,13039.98,-2.75,-10.0,29.966,32.988,33.605,16928.4,19786.27,23264.65,4.35
2015-08-24,28.85,29.0,27.49,27.49,8631.0,-3.05,-9.99,31.616,34.257,34.097,18848.44,21523.22,24200.46,2.88
2015-08-21,32.8,33.19,30.54,30.5,14787.48,-2.99,-8.92,33.448,35.217,34.643,20879.43,23178.74,25123.16,4.93
2015-08-20,32.79,35.28,33.53,32.55,27075.33,0.0,0.0,34.828,35.593,35.25,23340.78,24282.87,26470.95,9.03
2015-08-19,33.0,34.55,33.53,29.71,21108.21,0.54,1.64,35.618,35.445,35.782,22424.54,23132.74,27182.64,7.04
2015-08-18,36.1,37.98,32.99,32.99,22640.16,-3.66,-9.99,36.01,35.39,36.113,22644.13,23737.72,27873.93,7.55
2015-08-17,37.0,37.59,36.65,35.01,18785.95,-0.79,-2.11,36.898,35.356,36.452,24198.0,23954.72,28459.5,6.26
2015-08-14,37.92,38.45,37.44,36.58,27094.24,-0.04,-0.11,36.986,34.663,36.427,25478.05,24974.18,29378.85,9.03
2015-08-13,35.4,37.49,37.48,34.86,22494.16,1.99,5.61,36.358,34.221,36.258,25224.96,24457.98,29577.68,7.5
2015-08-12,37.0,37.79,35.49,35.28,22206.16,-1.94,-5.18,35.272,33.991,35.942,23840.94,25228.96,30427.39,7.4
2015-08-11,37.3,39.26,37.43,37.01,30409.48,0.34,0.92,34.77,34.222,35.817,24831.3,26743.04,30572.17,10.14
2015-08-10,35.31,37.7,37.09,34.5,25186.23,2.79,8.13,33.814,33.936,35.778,23711.43,26877.7,30838.88,8.4
2015-08-07,32.16,34.99,34.3,32.16,25828.77,2.25,7.02,32.34,34.068,35.589,24470.31,27067.58,30078.87,8.61
2015-08-06,31.05,33.44,32.05,31.05,15574.07,-0.93,-2.82,32.084,34.906,35.389,23690.99,28659.03,29230.63,5.19
2015-08-05,32.83,34.1,32.98,32.0,27157.93,0.33,1.01,32.71,36.118,35.163,26616.98,31232.53,29984.73,9.05
2015-08-04,29.11,32.66,32.65,29.11,24810.16,2.93,9.86,33.674,36.835,34.766,28654.78,32010.15,32704.25,8.27
2015-08-03,31.21,32.98,29.72,29.72,28980.6,-3.3,-9.99,34.058,37.547,34.496,30043.97,32964.29,31669.69,9.66
2015-07-31,33.3,35.5,33.02,32.3,21932.19,-2.16,-6.14,35.796,38.19,34.524,29664.86,33783.51,32266.68,7.31
2015-07-30,37.9,38.76,35.18,34.91,30204.03,-2.62,-6.93,37.728,38.294,34.555,33627.07,34697.38,32281.07,10.07
2015-07-29,35.8,38.03,37.8,31.51,37346.93,3.23,9.34,39.526,37.892,34.665,35848.08,35625.81,32149.37,12.45
2015-07-28,34.73,39.2,34.57,34.57,31756.08,-3.84,-10.0,39.996,37.411,34.852,35365.52,34401.31,31713.77,10.59
2015-07-27,41.0,44.66,38.41,38.41,27085.06,-4.27,-10.01,41.036,37.619,35.43,35884.62,34800.07,31727.83,9.03
2015-07-24,46.0,46.6,42.68,42.48,41743.25,-1.49,-3.37,40.584,37.11,35.669,37902.16,33090.16,31379.62,13.91
2015-07-23,40.2,44.17,44.17,40.2,41309.06,4.02,10.01,38.86,35.871,35.935,35767.69,29802.22,30187.83,13.77
2015-07-22,41.77,41.99,40.15,37.96,34934.16,0.38,0.95,36.258,34.208,36.392,35403.54,28736.93,29345.88,11.64
2015-07-21,35.12,39.77,39.77,34.5,34351.56,3.62,10.01,34.826,32.697,37.285,33437.09,33398.35,29276.1,11.45
2015-07-20,34.06,36.55,36.15,33.01,37172.79,2.09,6.14,34.202,31.445,37.953,33715.52,30375.09,29323.51,12.39
2015-07-17,31.6,34.28,34.06,31.16,31070.88,2.9,9.31,33.636,30.858,38.56,28278.16,30749.86,28435.78,10.36
2015-07-16,30.18,34.51,31.16,29.69,39488.31,-1.83,-5.55,32.882,30.816,39.51,23836.75,29864.75,28470.85,13.16
2015-07-15,36.72,36.76,32.99,32.99,25101.93,-3.66,-9.99,32.158,31.438,40.9,22070.32,28672.93,28302.08,8.37
2015-07-14,36.65,36.65,36.65,34.05,35743.69,3.33,9.99,30.568,32.292,41.931,33359.61,29026.24,28553.73,11.91
2015-07-13,33.32,33.32,33.32,33.01,9986.0,3.03,10.0,28.688,33.241,42.997,27034.67,28655.59,28396.93,3.33
2015-07-10,29.72,30.29,30.29,29.65,8863.84,2.75,9.98,28.08,34.228,44.551,33221.55,29669.08,29322.63,2.95
2015-07-09,24.0,27.54,27.54,24.0,30656.16,2.5,9.98,28.75,35.998,46.384,35892.75,30573.44,30770.62,10.22
2015-07-08,24.53,25.35,25.04,24.53,81548.34,-2.21,-8.11,30.718,38.576,48.105,35275.54,29954.83,31522.8,27.18
2015-07-07,29.0,29.28,27.25,27.25,4119.0,-3.03,-10.01,34.016,41.872,49.722,24692.87,25153.85,29665.14,1.37
2015-07-06,36.5,36.99,30.28,30.28,40920.42,-3.36,-9.99,37.794,44.46,51.41,30276.5,28271.93,30294.47,13.64
2015-07-03,34.84,37.93,33.64,33.64,22219.83,-3.74,-10.01,40.376,46.262,53.216,26116.6,26121.7,29235.41,7.41
2015-07-02,37.77,42.81,37.38,37.38,27570.13,-4.15,-9.99,43.246,48.204,54.822,25254.13,27076.94,29126.78,9.19
2015-07-01,44.1,47.23,41.53,41.53,28634.97,-4.61,-9.99,46.434,50.362,56.518,24634.12,27931.22,29095.92,9.54
2015-06-30,39.5,46.71,46.14,38.87,32037.16,2.95,6.83,49.728,51.569,58.122,25614.84,28081.22,28633.1,10.68
2015-06-29,48.0,49.8,43.19,43.19,20120.92,-4.8,-10.0,51.126,52.752,59.615,26267.35,28138.27,28149.62,6.71
2015-06-26,52.99,52.99,47.99,47.99,17907.47,-5.33,-10.0,52.148,54.874,61.223,26126.8,28976.19,28749.77,5.97
2015-06-25,57.0,57.0,53.32,52.2,24470.07,-4.68,-8.07,53.162,56.77,62.589,28899.75,30967.8,30298.85,8.16
2015-06-24,53.97,58.2,58.0,52.3,33538.56,4.87,9.17,54.29,57.633,63.858,31228.32,33090.77,30865.45,11.18
2015-06-23,48.98,53.13,53.13,46.2,35299.73,4.83,10.0,53.41,57.572,64.535,30547.61,34176.42,30571.75,11.77
2015-06-19,50.1,53.06,48.3,47.77,19418.17,-4.76,-8.97,54.378,58.359,65.364,30009.18,32317.01,30335.91,6.47
2015-06-18,59.88,61.1,53.06,53.06,31772.23,-5.9,-10.01,57.6,60.17,66.58,31825.58,32349.12,31466.41,10.59
2015-06-17,51.98,58.96,58.96,51.98,36112.93,5.36,10.0,60.378,61.44,67.872,33035.86,31176.61,30213.65,12.04
2015-06-16,54.6,54.73,53.6,52.17,30134.99,-4.37,-7.54,60.976,62.674,68.511,34953.22,30260.63,29057.85,10.04
2015-06-15,64.44,64.46,57.97,57.97,32607.59,-6.44,-10.0,61.734,64.674,70.727,37805.23,29184.97,28324.07,10.87
2015-06-12,67.08,67.1,64.41,64.0,28500.15,-2.54,-3.79,62.34,66.477,72.281,34624.85,28160.98,27501.24,9.5
2015-06-11,62.03,68.02,66.95,62.03,37823.62,5.0,8.07,62.74,67.571,73.107,32872.66,28523.35,26497.31,12.61
2015-06-10,58.14,62.0,61.95,56.88,45699.76,4.56,7.95,62.502,68.407,73.753,29317.37,29629.9,25073.59,15.23
2015-06-09,61.21,62.7,57.39,55.47,44395.03,-3.61,-5.92,64.372,70.083,74.569,25568.03,28640.13,23312.91,14.8
2015-06-08,67.6,68.61,61.0,59.99,16705.67,-5.41,-8.15,67.614,71.499,75.824,20564.71,26967.08,21677.76,5.57
2015-06-05,67.82,69.48,66.41,65.8,19739.23,0.65,0.99,70.614,72.369,76.924,21697.12,28354.81,21472.39,6.58
2015-06-04,71.4,71.4,65.76,64.17,20047.16,-5.54,-7.77,72.402,72.989,77.501,24174.03,30583.69,20939.45,6.68
2015-06-03,72.7,72.89,71.3,67.99,26953.05,-2.3,-3.12,74.312,74.304,77.757,29942.43,29250.68,20376.38,8.98
2015-06-02,77.2,77.3,73.6,72.98,19378.46,-2.4,-3.16,75.794,74.348,77.786,31712.23,27855.07,19715.95,6.46
2015-06-01,74.0,76.95,76.0,70.3,22367.7,0.65,0.86,75.384,76.781,77.555,33369.45,27463.16,19302.96,7.46
2015-05-29,75.2,79.15,75.35,68.03,32123.77,0.04,0.05,74.124,78.084,77.059,35012.5,26841.49,18568.44,10.71
2015-05-28,79.6,85.77,75.31,73.59,48889.19,-3.4,-4.32,73.576,78.643,76.801,36993.36,24471.27,17412.32,16.3
2015-05-27,72.0,78.71,78.71,68.9,35802.05,7.16,10.01,74.296,79.098,76.564,28558.92,20517.27,15459.18,11.93
2015-05-26,69.63,72.0,71.55,68.91,27664.56,1.85,2.65,72.902,79.054,76.179,23997.91,17985.69,14284.3,9.22
2015-05-25,69.8,73.8,69.7,67.16,30582.92,-2.91,-4.01,78.178,80.148,75.946,21556.87,16388.45,13553.62,10.19
2015-05-22,86.8,86.8,72.61,71.02,42028.06,-6.3,-7.98,82.044,81.478,75.806,18670.48,14589.98,12984.74,14.01
2015-05-21,77.0,78.91,78.91,74.26,6717.01,7.17,9.99,83.71,82.013,75.283,11949.18,11295.2,11817.99,2.24
2015-05-20,69.79,71.74,71.74,69.79,12996.99,6.52,10.0,83.9,81.209,74.263,12475.62,11502.07,12422.76,4.33
2015-05-19,89.03,97.93,97.93,85.99,15459.37,8.9,10.0,85.206,81.223,73.413,11973.47,11576.83,12399.0,7.73
2015-05-18,80.94,89.03,89.03,80.2,16150.97,8.09,9.99,82.118,78.329,71.116,11220.02,11142.75,12352.24,8.08
2015-05-15,78.75,81.0,80.94,75.8,8421.58,1.08,1.35,80.912,76.034,69.279,10509.48,10295.39,12543.85,4.21
2015-05-14,78.65,81.55,79.86,75.0,9349.21,1.59,2.03,80.316,74.959,68.066,10641.22,10353.37,13716.45,4.67
2015-05-13,79.66,82.5,78.27,78.0,10486.2,-4.22,-5.12,78.518,74.03,67.045,10528.52,10401.09,15438.12,5.24
2015-05-12,82.86,85.99,82.49,79.99,11692.14,-0.51,-0.61,77.24,73.303,65.833,11180.19,10582.91,15650.27,5.85
2015-05-11,80.0,85.76,83.0,79.65,12598.27,5.04,6.46,74.54,71.744,64.499,11065.48,10718.79,16095.66,6.3
2015-05-08,70.89,77.96,77.96,70.89,9080.3,7.09,10.0,71.156,70.134,63.27,10081.29,11379.5,16809.29,4.54
2015-05-07,70.0,71.52,70.87,68.65,8785.71,-1.01,-1.41,69.602,68.553,62.245,10065.52,12340.78,17966.48,4.39
2015-05-06,67.1,73.5,71.88,67.1,13744.55,2.89,4.19,69.542,67.316,61.363,10273.66,13343.44,19734.27,6.87
2015-05-05,68.02,70.99,68.99,66.0,11118.56,2.91,4.4,69.366,65.603,60.421,9985.62,13221.16,19466.96,5.56
2015-05-04,68.15,69.99,66.08,65.7,7677.34,-4.11,-5.86,68.948,63.902,59.382,10372.1,13561.73,21009.48,3.84
2015-04-30,69.93,72.4,70.19,68.03,9001.44,-0.38,-0.54,69.112,62.524,58.27,12677.7,14792.31,21960.79,4.5
2015-04-29,69.5,74.06,70.57,67.17,9826.4,-0.43,-0.61,67.504,61.174,56.837,14616.05,17079.53,22379.27,4.91
2015-04-28,65.96,71.6,71.0,63.02,12304.38,4.1,6.13,65.09,60.06,55.306,16413.23,20475.14,22892.48,6.15
2015-04-27,68.9,73.5,66.9,65.0,13050.95,0.0,0.0,61.84,58.363,53.779,16456.7,20717.62,23152.19,6.53
2015-04-24,62.15,68.3,66.9,58.01,19205.33,4.75,7.64,58.856,57.253,53.088,16751.36,21472.52,23683.83,9.6
2015-04-23,58.28,63.33,62.15,57.71,18693.17,3.65,6.24,55.936,56.405,52.321,16906.93,22239.09,23932.64,9.35
2015-04-22,54.18,59.56,58.5,54.15,18812.3,3.75,6.85,54.844,55.937,51.742,19543.02,23592.17,24240.84,9.41
2015-04-21,51.9,55.35,54.75,51.8,12521.76,2.77,5.33,55.03,55.409,51.32,24537.06,26125.1,24580.13,6.26
2015-04-20,53.01,53.65,51.98,50.9,14524.24,-0.32,-0.61,54.886,55.238,51.091,24978.54,25712.77,25384.02,7.26
2015-04-17,56.11,56.57,52.3,52.1,19983.18,-4.39,-7.74,55.65,54.862,51.028,26193.68,28457.24,26159.72,9.99
2015-04-16,59.0,60.0,56.69,56.0,31873.61,-2.74,-4.61,56.874,54.016,50.93,27571.24,29129.27,26634.83,15.94
2015-04-15,54.3,59.43,59.43,54.3,43782.53,5.4,9.99,57.03,52.5,50.45,27641.33,27679.0,26198.27,21.89
2015-04-14,55.4,55.78,54.03,53.62,14729.16,-1.77,-3.17,55.788,50.552,49.634,27713.14,25309.82,24599.7,7.36
2015-04-13,58.6,62.0,55.8,55.3,20599.93,-2.62,-4.49,55.59,49.194,49.194,26446.99,25586.75,25586.75,10.3
2015-04-10,54.65,60.66,58.42,54.0,26870.97,0.95,1.65,54.074,48.46,48.46,30720.79,26140.84,26140.84,13.44
2015-04-09,54.6,57.59,57.47,51.0,32224.04,4.25,7.99,51.158,47.215,47.215,30687.31,26049.58,26049.58,16.11
2015-04-08,58.34,58.34,53.22,53.0,44141.58,0.18,0.34,47.97,45.75,45.75,27716.67,25167.51,25167.51,22.07
2015-04-07,49.98,53.04,53.04,49.22,8398.42,4.82,10.0,45.316,44.505,44.505,22906.5,22005.17,22005.17,4.2
2015-04-03,43.88,48.22,48.22,43.42,41968.94,4.38,9.99,42.798,42.798,42.798,24726.52,24726.52,24726.52,20.98
2015-04-02,41.53,44.5,43.84,41.15,26703.56,2.31,5.56,41.443,41.443,41.443,20415.91,20415.91,20415.91,13.35
2015-04-01,40.38,42.33,41.53,39.48,17370.87,1.58,3.96,40.643,40.643,40.643,18320.03,18320.03,18320.03,8.69
2015-03-31,40.0,40.96,39.95,38.38,20090.72,-0.5,-1.24,40.2,40.2,40.2,18794.61,18794.61,18794.61,10.05
2015-03-30,42.11,42.57,40.45,39.68,17498.5,-1.44,-3.44,40.45,40.45,40.45,17498.5,17498.5,17498.5,8.75
