date,open,high,close,low,volume,price_change,p_change,ma5,ma10,ma20,v_ma5,v_ma10,v_ma20,turnover
2018-03-29,10.41,10.58,10.54,10.41,32118.07,0.15,1.44,10.376,10.647,11.011,46154.07,54117.48,57014.53,0.43
2018-03-28,10.43,10.58,10.39,10.36,35971.47,-0.16,-1.52,10.434,10.768,11.042,49403.19,55877.02,58081.54,0.48
2018-03-27,10.51,10.67,10.56,10.41,44091.91,0.22,2.13,10.522,10.91,11.072,53946.92,59771.86,59108.5,0.59
2018-03-26,10.0,10.35,10.34,9.91,44854.66,0.3,2.99,10.558,11.027,11.092,57685.93,65820.61,60211.19,0.6
2018-03-23,10.51,10.53,10.05,9.9,73734.25,-0.81,-7.46,10.686,11.138,11.125,59506.29,67813.32,62092.3,0.98
2018-03-22,10.8,10.91,10.83,10.67,48363.68,0.01,0.09,10.918,11.26,11.162,62080.88,64129.58,62207.64,0.64
2018-03-21,10.73,10.98,10.83,10.73,58690.09,0.09,0.84,11.102,11.306,11.139,62350.85,62963.91,61475.99,0.78
2018-03-20,10.93,10.98,10.74,10.66,62786.98,-0.25,-2.27,11.298,11.341,11.104,65596.81,61845.95,59456.38,0.84
2018-03-19,11.17,11.18,10.98,10.96,53956.45,-0.23,-2.05,11.496,11.404,11.073,73955.29,63668.04,57695.14,0.72
2018-03-16,11.69,11.69,11.21,11.2,86607.21,-0.53,-4.51,11.59,11.402,11.031,76120.34,63636.51,56439.79,1.16
2018-03-15,11.64,11.82,11.75,11.6,49713.54,-0.05,-0.42,11.602,11.374,10.969,66178.28,59911.58,54780.34,0.66
2018-03-14,11.67,11.89,11.81,11.53,74919.87,0.07,0.6,11.51,11.316,10.903,63576.96,60286.06,54593.2,1.0
2018-03-13,11.4,11.93,11.73,11.37,104579.38,0.28,2.44,11.384,11.234,10.82,58095.1,58445.14,52863.19,1.39
2018-03-12,11.5,11.6,11.45,11.41,64781.72,0.18,1.6,11.312,11.157,10.737,53380.79,54601.77,49981.88,0.86
2018-03-09,11.27,11.34,11.27,11.13,36896.91,0.0,0.0,11.214,11.112,10.695,51152.67,56371.29,49004.85,0.49
2018-03-08,11.15,11.33,11.29,11.13,36706.9,0.1,0.89,11.146,11.064,10.65,53644.88,60285.69,49258.82,0.49
2018-03-07,11.3,11.31,11.18,11.18,47510.58,-0.2,-1.76,11.122,10.971,10.618,56995.17,59988.08,50846.59,0.63
2018-03-06,10.93,11.38,11.37,10.83,81007.86,0.41,3.74,11.084,10.866,10.616,58795.18,57066.8,50848.67,1.08
2018-03-05,11.0,11.09,10.96,10.69,53641.08,0.03,0.27,11.002,10.742,10.603,55822.75,51722.23,48689.12,0.72
2018-03-02,11.11,11.32,10.93,10.86,49357.97,-0.25,-2.24,11.01,10.659,10.609,61589.92,49243.08,48662.83,0.66
2018-03-01,10.91,11.3,11.17,10.83,53458.36,0.18,1.64,10.982,10.563,10.631,66926.5,49649.1,48430.9,0.71
2018-02-28,10.95,11.15,10.99,10.75,56510.65,0.03,0.27,10.82,10.49,10.652,62980.99,48900.34,49046.91,0.75
2018-02-27,10.99,11.2,10.96,10.85,66145.69,-0.04,-0.36,10.648,10.406,10.671,55338.42,47281.25,48029.55,0.88
2018-02-26,10.77,11.05,11.0,10.63,82476.93,0.22,2.04,10.482,10.317,10.693,47621.72,45362.0,46766.42,1.1
2018-02-23,10.34,11.0,10.79,10.28,76040.89,0.43,4.15,10.308,10.277,10.717,36896.24,41638.41,44983.21,1.01
2018-02-22,10.28,10.36,10.36,10.2,33730.77,0.23,2.27,10.144,10.235,10.751,32371.7,38231.94,43590.0,0.45
2018-02-14,10.14,10.19,10.13,10.05,18297.8,-0.01,-0.1,10.16,10.265,10.818,34819.7,41705.11,44889.92,0.24
2018-02-13,10.16,10.36,10.13,10.11,27562.2,-0.01,-0.1,10.164,10.366,10.886,39224.08,44630.54,46337.36,0.37
2018-02-12,9.97,10.21,10.13,9.97,28849.53,0.17,1.71,10.152,10.463,10.961,43102.27,45656.0,47404.56,0.38
2018-02-09,10.12,10.24,9.97,9.73,53418.19,-0.47,-4.5,10.246,10.558,11.025,46380.58,48082.58,48542.53,0.71
2018-02-08,10.24,10.6,10.44,10.22,45970.79,0.29,2.86,10.326,10.699,11.105,44092.19,47212.7,47972.97,0.61
2018-02-07,10.36,10.4,10.15,10.01,40319.67,0.07,0.69,10.37,10.813,11.177,48590.52,49193.47,48897.08,0.54
2018-02-06,10.4,10.54,10.07,10.05,46953.19,-0.52,-4.91,10.568,10.935,11.254,50037.01,48777.85,50259.3,0.63
2018-02-05,10.16,10.7,10.6,10.12,45241.05,0.24,2.32,10.774,11.068,11.347,48209.73,48170.85,52528.74,0.6
2018-02-02,10.36,10.59,10.37,9.94,41976.24,-0.29,-2.72,10.87,11.157,11.423,49784.57,48328.01,57415.71,0.56
2018-02-01,11.07,11.17,10.66,10.51,68462.45,-0.48,-4.31,11.072,11.266,11.486,50333.21,48948.06,57768.76,0.91
2018-01-31,11.1,11.33,11.14,11.03,47552.13,0.04,0.36,11.256,11.37,11.539,49796.42,48074.72,59201.64,0.63
2018-01-30,11.08,11.2,11.1,11.01,37816.79,0.02,0.18,11.302,11.405,11.556,47518.68,48044.18,61629.28,0.5
2018-01-29,11.41,11.45,11.08,11.04,53115.25,-0.31,-2.72,11.362,11.459,11.557,48131.97,49153.12,63240.26,0.71
2018-01-26,11.57,11.57,11.38,11.38,44719.43,-0.2,-1.73,11.444,11.492,11.545,46871.44,49002.48,62280.64,0.6
2018-01-25,11.37,11.67,11.58,11.32,65778.51,0.21,1.85,11.46,11.511,11.516,47562.9,48733.23,61546.58,0.88
2018-01-24,11.44,11.44,11.37,11.31,36163.42,-0.02,-0.18,11.484,11.54,11.476,46353.02,48600.68,59262.26,0.48
2018-01-23,11.41,11.59,11.4,11.36,40883.22,-0.08,-0.7,11.508,11.573,11.445,48569.68,51740.76,58572.53,0.55
2018-01-22,11.5,11.51,11.49,11.25,46812.64,0.02,0.17,11.556,11.625,11.408,50174.28,56886.63,58177.23,0.62
2018-01-19,11.68,11.68,11.46,11.41,48176.72,-0.24,-2.05,11.54,11.688,11.379,51133.51,66503.41,57309.5,0.64
2018-01-18,11.42,11.72,11.7,11.4,59729.1,0.22,1.92,11.562,11.706,11.354,49903.56,66589.47,57068.0,0.8
2018-01-17,11.6,11.6,11.49,11.33,47246.72,-0.16,-1.37,11.596,11.708,11.325,50848.34,70328.56,56972.53,0.63
2018-01-16,11.38,11.66,11.64,11.31,48906.22,0.23,2.02,11.638,11.706,11.297,54911.84,75214.38,56298.78,0.65
2018-01-15,11.48,11.73,11.41,11.32,51608.78,-0.16,-1.38,11.694,11.654,11.263,63598.97,77327.4,56051.29,0.69
2018-01-12,11.8,11.8,11.57,11.55,42026.99,-0.3,-2.53,11.836,11.597,11.235,81873.31,75558.81,55321.25,0.56
2018-01-11,11.61,12.02,11.87,11.61,64452.99,0.17,1.45,11.85,11.52,11.21,83275.38,74359.94,54941.02,0.86
2018-01-10,11.92,11.92,11.7,11.58,67564.23,-0.21,-1.76,11.82,11.411,11.165,89808.77,69923.85,53856.81,0.9
2018-01-09,12.13,12.28,11.92,11.86,92341.86,-0.2,-1.65,11.774,11.317,11.13,95516.91,65404.3,52514.99,1.23
2018-01-08,12.19,12.7,12.12,11.96,142980.48,0.47,4.03,11.614,11.191,11.096,91055.83,59467.83,50226.37,1.91
2018-01-05,11.79,11.79,11.64,11.59,49037.36,-0.08,-0.68,11.358,11.069,11.05,69244.31,48115.59,45242.5,0.65
2018-01-04,11.53,11.8,11.72,11.3,97119.94,0.24,2.09,11.19,11.002,11.026,65444.49,47546.54,44869.11,1.3
2018-01-03,11.06,11.56,11.47,11.05,96104.93,0.35,3.15,11.002,10.941,11.013,50038.92,43616.51,42265.64,1.28
2018-01-02,10.85,11.22,11.12,10.83,70036.42,0.29,2.68,10.86,10.887,10.993,35291.69,37383.18,39593.84,0.93
2017-12-29,10.75,10.97,10.84,10.75,33922.92,0.05,0.46,10.768,10.871,11.005,27879.83,34775.19,38334.93,0.45
2017-12-28,10.75,10.86,10.8,10.71,30038.25,0.03,0.28,10.78,10.873,11.041,26986.86,35083.69,38973.99,0.4
2017-12-27,10.79,10.85,10.78,10.71,20092.09,0.03,0.28,10.814,10.899,11.08,29648.58,35522.1,39940.16,0.27
2017-12-26,10.61,10.81,10.76,10.59,22368.77,0.1,0.94,10.88,10.919,11.121,37194.1,37789.76,41958.45,0.3
2017-12-25,10.88,10.95,10.66,10.63,32977.1,-0.24,-2.2,10.914,10.942,11.149,39474.67,39625.67,43105.63,0.44
2017-12-22,10.99,10.99,10.9,10.83,29458.11,-0.11,-1.0,10.974,11.0,11.176,41670.56,40984.91,45357.52,0.39
2017-12-21,11.03,11.06,10.97,10.8,43346.82,-0.15,-1.35,10.966,11.031,11.217,43180.52,42369.41,46563.19,0.58
2017-12-20,10.94,11.32,11.11,10.89,57819.71,0.2,1.83,10.984,11.05,11.265,41395.62,42191.69,47972.61,0.77
2017-12-19,10.87,11.02,10.93,10.84,33771.59,-0.03,-0.27,10.958,11.084,11.322,38385.42,40914.76,49193.76,0.45
2017-12-18,10.84,11.02,10.96,10.72,43956.55,0.1,0.92,10.97,11.098,11.416,39776.68,41804.5,51037.58,0.59
2017-12-15,11.05,11.05,10.86,10.77,37007.92,-0.2,-1.81,11.026,11.139,11.502,40299.27,41894.67,51613.78,0.49
2017-12-14,10.95,11.07,11.06,10.9,34422.35,0.08,0.73,11.096,11.209,11.599,41558.3,42864.28,55237.4,0.46
2017-12-13,11.01,11.07,10.98,10.81,42768.71,-0.01,-0.09,11.116,11.261,11.715,42987.76,44358.22,59572.28,0.57
2017-12-12,11.21,11.23,10.99,10.98,40727.87,-0.25,-2.22,11.21,11.322,11.813,43444.1,46127.14,60497.73,0.54
2017-12-11,11.2,11.27,11.24,11.09,46569.51,0.03,0.27,11.226,11.356,11.923,43832.33,46585.59,62478.64,0.62
2017-12-08,11.18,11.32,11.21,11.12,43303.08,0.05,0.45,11.252,11.352,12.028,43490.06,49730.13,66593.94,0.58
2017-12-07,11.3,11.48,11.16,11.06,41569.64,-0.28,-2.45,11.322,11.403,12.121,44170.26,50756.97,70518.93,0.55
2017-12-06,11.05,11.46,11.45,11.05,45050.38,0.34,3.06,11.406,11.479,12.205,45728.67,53753.52,71349.3,0.6
2017-12-05,11.36,11.57,11.07,10.96,42669.04,-0.29,-2.55,11.434,11.559,12.274,48810.18,57472.75,73962.97,0.57
2017-12-04,11.46,11.63,11.37,11.35,44858.18,-0.18,-1.56,11.486,11.733,12.338,49338.85,60270.66,74104.6,0.6
2017-12-01,11.59,11.73,11.56,11.4,46704.04,-0.02,-0.17,11.452,11.865,12.389,55970.19,61332.9,76041.82,0.62
2017-11-30,11.55,11.73,11.58,11.43,49361.71,0.0,0.0,11.484,11.989,12.417,57343.69,67610.52,77520.63,0.66
2017-11-29,11.3,11.63,11.59,11.14,60457.92,0.25,2.21,11.552,12.168,12.471,61778.37,74786.35,78503.21,0.81
2017-11-28,11.2,11.36,11.33,11.01,45312.38,0.13,1.16,11.684,12.304,12.542,66135.33,74868.31,80833.97,0.6
2017-11-27,11.75,11.75,11.2,11.0,78014.9,-0.51,-4.36,11.98,12.489,12.613,71202.48,78371.69,82836.52,1.04
2017-11-24,11.87,12.04,11.72,11.61,53571.54,-0.21,-1.76,12.278,12.704,12.693,66695.6,83457.75,86485.99,0.71
2017-11-23,12.13,12.48,11.92,11.9,71535.09,-0.3,-2.46,12.494,12.838,12.745,77877.35,90280.88,88234.39,0.95
2017-11-22,12.81,12.85,12.25,12.15,82242.73,-0.56,-4.37,12.784,12.93,12.805,87794.33,88945.08,89560.58,1.1
2017-11-21,12.71,12.96,12.81,12.54,70648.14,0.13,1.02,12.924,12.989,12.841,83601.3,90453.18,90783.72,0.94
2017-11-20,12.7,12.78,12.69,12.31,55480.5,-0.11,-0.86,12.998,12.942,12.829,85540.9,87938.54,90020.79,0.74
2017-11-17,13.3,13.47,12.8,12.72,109480.28,-0.56,-4.19,13.13,12.912,12.823,100219.89,90750.75,90026.94,1.46
2017-11-16,12.95,13.46,13.37,12.85,121120.0,0.42,3.24,13.182,12.844,12.813,102684.42,87430.75,87063.07,1.62
2017-11-15,13.12,13.16,12.95,12.82,61277.58,-0.22,-1.67,13.076,12.773,12.764,90095.82,82220.07,84949.73,0.82
2017-11-14,13.28,13.29,13.18,12.94,80346.16,-0.17,-1.27,13.054,12.78,12.754,97305.06,86799.63,87044.54,1.07
2017-11-13,13.07,13.47,13.35,12.95,128875.45,0.27,2.06,12.886,12.736,12.722,90336.17,87301.35,87175.43,1.72
2017-11-10,12.83,13.26,13.06,12.77,121802.91,0.22,1.71,12.694,12.682,12.692,81281.61,89514.24,86645.92,1.62
2017-11-09,12.82,12.92,12.84,12.73,58177.01,0.0,0.0,12.506,12.651,12.699,72177.07,86187.89,87717.34,0.78
2017-11-08,12.34,12.95,12.84,12.28,97323.76,0.5,4.05,12.47,12.68,12.717,74344.32,90176.09,91548.39,1.3
2017-11-07,12.4,12.49,12.34,12.27,45501.71,-0.05,-0.4,12.506,12.693,12.754,76294.2,91114.27,99449.66,0.61
2017-11-06,12.22,12.53,12.39,11.78,83602.67,0.27,2.23,12.586,12.716,12.796,84266.53,92103.04,115425.21,1.11
2017-11-03,12.6,12.76,12.12,12.05,76280.2,-0.54,-4.26,12.67,12.734,12.829,97746.86,89303.12,118692.31,1.02
2017-11-02,12.91,12.98,12.66,12.6,69013.27,-0.36,-2.77,12.796,12.781,12.815,100198.7,86695.39,116230.28,0.92
2017-11-01,12.76,13.08,13.02,12.61,107073.17,0.28,2.2,12.89,12.755,12.77,106007.85,87679.39,114610.88,1.43
2017-10-31,12.7,12.88,12.74,12.47,85363.33,-0.07,-0.55,12.88,12.727,12.704,105934.33,87289.45,110564.21,1.14
2017-10-30,12.85,13.11,12.81,11.48,151004.33,0.06,0.47,12.846,12.707,12.646,99939.55,87049.52,107272.09,2.01
2017-10-27,13.1,13.15,12.75,12.71,88539.42,-0.38,-2.89,12.798,12.701,12.58,80859.38,83777.61,100943.4,1.18
2017-10-26,12.9,13.14,13.13,12.74,98059.02,0.16,1.23,12.766,12.747,12.52,73192.07,89246.8,98081.92,1.31
2017-10-25,12.56,12.98,12.97,12.49,106705.56,0.4,3.18,12.62,12.753,12.452,69350.92,92920.7,94886.91,1.42
2017-10-24,12.5,12.58,12.57,12.33,55389.41,0.0,0.0,12.574,12.815,12.399,68644.56,107785.04,92075.89,0.74
2017-10-23,12.65,12.8,12.57,12.52,55603.51,-0.02,-0.16,12.568,12.876,12.366,74159.48,138747.38,91922.8,0.74
2017-10-20,12.4,12.67,12.59,12.31,50202.86,0.19,1.53,12.604,12.923,12.344,86695.83,148081.5,91345.08,0.67
2017-10-19,12.73,12.73,12.4,12.21,78853.26,-0.34,-2.67,12.728,12.849,12.323,105301.53,145765.18,92691.3,1.05
2017-10-18,12.63,12.95,12.74,12.55,103173.76,0.2,1.59,12.886,12.784,12.33,116490.47,141542.37,94916.17,1.38
2017-10-17,12.67,12.84,12.54,12.52,82964.03,-0.21,-1.65,13.056,12.68,12.302,146925.52,133838.98,92222.17,1.11
2017-10-16,13.03,13.09,12.75,12.7,118285.26,-0.46,-3.48,13.184,12.584,12.29,203335.27,127494.67,92671.85,1.58
2017-10-13,13.1,13.78,13.21,13.1,143231.34,0.02,0.15,13.242,12.458,12.267,209467.16,118109.19,89815.87,1.91
2017-10-12,13.27,13.44,13.19,13.05,134797.97,-0.4,-2.94,12.97,12.292,12.208,186228.83,106917.03,84878.15,1.8
2017-10-11,13.03,13.61,13.59,12.73,255349.02,0.41,3.11,12.682,12.151,12.148,166594.27,96853.12,80894.29,3.41
2017-10-10,13.43,13.82,13.18,13.05,365012.75,0.14,1.07,12.304,11.982,12.078,120752.44,76366.73,70541.81,4.87
2017-10-09,12.7,13.04,13.04,12.45,148944.7,1.19,10.04,11.984,11.855,12.032,51654.07,45098.23,55271.56,1.99
2017-09-29,11.8,11.95,11.85,11.8,27039.71,0.1,0.85,11.674,11.765,11.998,26751.22,34608.67,52607.31,0.36
2017-09-28,11.75,11.92,11.75,11.66,36625.18,0.05,0.43,11.614,11.796,12.022,27605.24,39617.41,55911.3,0.49
2017-09-27,11.63,11.75,11.7,11.56,26139.85,0.12,1.04,11.62,11.876,12.048,27111.97,48289.96,57771.8,0.35
2017-09-26,11.52,11.65,11.58,11.46,19520.89,0.09,0.78,11.66,11.924,12.076,31981.03,50605.36,63060.91,0.26
2017-09-25,11.58,11.7,11.49,11.47,24430.45,-0.06,-0.52,11.726,11.995,12.088,38542.39,57849.04,64518.1,0.33
2017-09-22,11.72,11.78,11.55,11.5,31309.82,-0.23,-1.95,11.856,12.076,12.109,42466.11,61522.56,67448.56,0.42
2017-09-21,11.89,11.93,11.78,11.74,34158.86,-0.12,-1.01,11.978,12.124,12.117,51629.58,62839.26,68359.77,0.46
2017-09-20,11.85,11.91,11.9,11.61,50485.12,-0.01,-0.08,12.132,12.144,12.104,69467.95,64935.45,68336.93,0.67
2017-09-19,12.14,12.2,11.91,11.88,52327.69,-0.23,-1.9,12.188,12.173,12.083,69229.7,64716.88,68588.55,0.7
2017-09-18,12.1,12.18,12.14,12.02,44049.08,-0.02,-0.16,12.264,12.208,12.074,77155.69,65444.9,68801.15,0.59
2017-09-15,12.47,12.47,12.16,12.13,77127.16,-0.39,-3.11,12.296,12.23,12.062,80579.0,70605.95,70151.16,1.03
2017-09-14,12.22,12.6,12.55,12.09,123350.71,0.37,3.04,12.27,12.248,12.045,74048.94,72205.2,69388.61,1.65
2017-09-13,12.2,12.29,12.18,12.07,49293.84,-0.11,-0.9,12.156,12.219,12.004,60402.95,67253.63,66636.26,0.66
2017-09-12,12.38,12.49,12.29,12.23,91957.68,-0.01,-0.08,12.158,12.227,11.975,60204.07,75516.45,67195.22,1.23
2017-09-11,12.08,12.3,12.3,11.96,61165.61,0.27,2.24,12.152,12.18,11.935,53734.1,71187.15,65278.32,0.82
2017-09-08,11.99,12.09,12.03,11.92,44476.86,0.05,0.42,12.164,12.141,11.894,60632.9,73374.56,64375.38,0.59
2017-09-07,12.19,12.24,11.98,11.97,55120.75,-0.21,-1.72,12.226,12.11,11.857,70361.45,73880.28,66656.59,0.74
2017-09-06,12.2,12.24,12.19,12.08,48299.46,-0.07,-0.57,12.282,12.063,11.847,74104.31,71738.42,69815.02,0.64
2017-09-05,12.38,12.4,12.26,12.06,59607.8,-0.1,-0.81,12.296,11.992,11.854,90828.84,72460.22,71375.4,0.79
2017-09-04,12.32,12.6,12.36,12.22,95659.64,0.02,0.16,12.208,11.94,11.852,88640.21,72157.4,74233.69,1.28
2017-09-01,12.15,12.41,12.34,12.07,93119.62,0.08,0.65,12.118,11.894,11.862,86116.21,69696.37,76975.85,1.24
2017-08-31,12.29,12.3,12.26,12.09,73835.04,0.0,0.0,11.994,11.841,11.889,77399.11,66572.02,82537.35,0.98
2017-08-30,11.98,12.39,12.26,11.95,131922.09,0.44,3.72,11.844,11.788,11.916,69372.52,66018.88,84532.98,1.76
2017-08-29,11.97,11.99,11.82,11.79,48664.64,-0.09,-0.76,11.688,11.722,11.935,54091.61,58873.99,86060.62,0.65
2017-08-28,11.9,12.15,11.91,11.89,83039.67,0.19,1.62,11.672,11.69,11.996,55674.59,59369.49,95994.11,1.11
2017-08-25,11.54,11.78,11.72,11.46,49534.11,0.21,1.82,11.67,11.646,12.048,53276.52,55376.2,101945.86,0.66
2017-08-24,11.48,11.71,11.51,11.45,33702.1,0.03,0.26,11.688,11.603,12.091,55744.93,59432.9,106231.91,0.45
2017-08-23,11.7,11.79,11.48,11.4,55517.52,-0.26,-2.21,11.732,11.63,12.136,62665.24,67891.63,114066.87,0.74
2017-08-22,11.96,12.04,11.74,11.69,56579.53,-0.16,-1.34,11.756,11.715,12.203,63656.37,70290.58,122058.81,0.75
2017-08-21,11.89,12.15,11.9,11.82,71049.34,0.09,0.76,11.708,11.764,12.221,63064.38,76309.98,124390.8,0.95
2017-08-18,11.72,11.88,11.81,11.53,61876.18,0.08,0.68,11.622,11.83,12.242,57475.87,84255.33,127675.33,0.83
2017-08-17,11.59,11.86,11.73,11.59,68303.62,0.13,1.12,11.518,11.937,12.271,63120.87,98502.67,129273.91,0.91
2017-08-16,11.5,11.64,11.6,11.36,60473.17,0.1,0.87,11.528,12.043,12.308,73118.02,103047.08,133494.63,0.81
2017-08-15,11.5,11.65,11.5,11.41,53619.61,0.03,0.26,11.674,12.148,12.36,76924.79,113247.25,141218.85,0.72
2017-08-14,11.39,11.55,11.47,11.32,43106.79,0.18,1.59,11.82,12.301,12.397,89555.58,132618.74,144936.88,0.57
2017-08-11,11.65,11.88,11.29,11.27,90101.15,-0.49,-4.16,12.038,12.45,12.403,111034.78,148515.53,151098.07,1.2
2017-08-10,12.3,12.3,11.78,11.75,118289.38,-0.55,-4.46,12.356,12.579,12.458,133884.47,153030.92,154548.58,1.58
2017-08-09,12.16,12.4,12.33,12.09,79507.03,0.1,0.82,12.558,12.641,12.47,132976.13,160242.11,153710.67,1.06
2017-08-08,12.54,12.66,12.23,12.2,116773.53,-0.33,-2.63,12.622,12.69,12.45,149569.71,173827.05,155010.91,1.56
2017-08-07,12.55,12.68,12.56,12.13,150502.81,-0.32,-2.48,12.782,12.678,12.426,175681.91,172471.62,155734.29,2.01
2017-08-04,13.18,13.38,12.88,12.86,204349.62,0.09,0.7,12.862,12.653,12.414,185996.27,171095.34,158465.85,2.73
2017-08-03,12.62,12.98,12.79,12.6,113747.67,0.14,1.11,12.802,12.605,12.361,172177.36,160045.15,153512.97,1.52
2017-08-02,12.88,13.13,12.65,12.58,162474.94,-0.38,-2.92,12.724,12.572,12.32,187508.09,163942.19,154632.4,2.17
2017-08-01,12.92,13.48,13.03,12.7,247334.5,0.07,0.54,12.758,12.572,12.289,198084.38,169190.45,154504.07,3.3
2017-07-31,12.5,12.98,12.96,12.26,202074.62,0.38,3.02,12.574,12.492,12.236,169261.33,157255.01,153065.99,2.69
2017-07-28,12.33,12.67,12.58,12.0,135255.08,0.18,1.45,12.444,12.356,12.164,156194.4,153680.61,153337.73,1.8
2017-07-27,12.69,12.9,12.4,12.36,190401.3,-0.42,-3.28,12.408,12.336,12.069,147912.94,156066.23,150198.95,2.54
2017-07-26,12.08,12.85,12.82,12.01,215356.42,0.71,5.86,12.42,12.298,11.969,140376.28,147179.23,142064.57,2.87
2017-07-25,12.23,12.35,12.11,11.88,103219.23,-0.2,-1.62,12.386,12.209,11.844,140296.52,136194.78,133288.81,1.38
2017-07-24,12.37,12.72,12.31,12.26,136739.98,-0.09,-0.73,12.41,12.173,11.767,145248.7,138996.96,131541.81,1.82
2017-07-21,12.48,12.5,12.4,12.25,93847.76,-0.06,-0.48,12.268,12.174,11.675,151166.82,145836.37,127029.38,1.25
2017-07-20,12.58,12.79,12.46,12.39,152718.03,-0.19,-1.5,12.264,12.116,11.578,164219.53,146980.78,125384.47,2.04
2017-07-19,12.2,12.68,12.65,12.1,214957.59,0.42,3.43,12.176,12.067,11.482,153982.18,145322.62,122450.85,2.87
2017-07-18,11.5,12.25,12.23,11.35,127980.12,0.63,5.43,12.032,12.005,11.385,132093.03,139817.7,120034.46,1.71
2017-07-17,12.3,12.55,11.6,11.15,166330.58,-0.78,-6.3,11.936,11.98,11.304,132745.22,148876.97,118091.85,2.22
2017-07-14,12.0,12.39,12.38,11.9,159111.31,0.36,3.0,12.08,11.972,11.253,140505.92,152994.84,116623.46,2.12
2017-07-13,11.95,12.08,12.02,11.76,101531.32,0.09,0.75,11.968,11.802,11.169,129742.04,144331.67,114802.57,1.35
2017-07-12,11.74,11.95,11.93,11.2,105511.83,0.18,1.53,11.958,11.64,11.054,136663.06,136949.92,111340.21,1.41
2017-07-11,12.29,12.29,11.75,11.66,131241.06,-0.57,-4.63,11.978,11.478,10.931,147542.36,130382.84,107040.99,1.75
2017-07-10,11.79,12.47,12.32,11.67,205134.08,0.5,4.23,12.024,11.36,10.817,165008.72,124086.66,101683.08,2.74
2017-07-07,11.85,11.95,11.82,11.67,105291.93,-0.15,-1.25,11.864,11.176,10.669,165483.77,108222.39,94303.05,1.4
2017-07-06,11.95,12.03,11.97,11.65,136136.38,-0.06,-0.5,11.636,11.04,10.572,158921.3,103788.16,92477.64,1.82
2017-07-05,11.78,12.05,12.03,11.61,159908.34,0.05,0.42,11.322,10.896,10.45,137236.78,99579.08,86555.33,2.13
2017-07-04,11.4,12.19,11.98,11.32,218572.89,0.46,3.99,10.978,10.765,10.327,113223.33,100251.23,79751.76,2.91
2017-07-03,11.35,11.75,11.52,11.25,207509.3,0.84,7.87,10.696,10.628,10.197,83164.59,87306.72,69699.57,2.77
2017-06-30,10.41,10.8,10.68,10.34,72479.59,0.28,2.69,10.488,10.534,10.089,50961.0,80252.07,60337.01,0.97
2017-06-29,10.38,10.51,10.4,10.32,27713.76,0.09,0.87,10.444,10.535,10.015,48655.02,85273.47,57851.85,0.37
2017-06-28,10.53,10.55,10.31,10.29,39841.09,-0.26,-2.46,10.47,10.467,9.951,61921.39,85730.5,57439.74,0.53
2017-06-27,10.48,10.83,10.57,10.41,68279.19,0.09,0.86,10.552,10.384,9.905,87279.13,83699.14,56544.33,0.91
2017-06-26,10.38,10.5,10.48,10.33,46491.39,0.02,0.19,10.56,10.274,9.853,91448.85,79279.5,54198.3,0.62
2017-06-23,10.5,10.5,10.46,10.2,60949.66,-0.07,-0.67,10.58,10.162,9.798,109543.14,80383.72,53380.58,0.81
2017-06-22,10.72,10.92,10.53,10.5,94045.63,-0.19,-1.77,10.626,10.103,9.737,121891.92,81167.11,52371.97,1.25
2017-06-21,10.52,11.35,10.72,10.46,166629.8,0.11,1.04,10.464,10.004,9.669,109539.61,73531.57,49858.95,2.22
2017-06-20,10.58,10.65,10.61,10.35,89127.78,0.03,0.28,10.216,9.888,9.628,80119.15,59252.29,42606.09,1.19
2017-06-19,10.75,10.79,10.58,10.4,136962.84,-0.11,-1.03,9.988,9.766,9.608,67110.15,52092.42,39376.28,1.83
2017-06-16,9.71,10.69,10.69,9.71,122693.56,0.97,9.98,9.744,9.644,9.587,51224.3,40421.94,33805.0,1.64
2017-06-15,9.51,9.72,9.72,9.45,32284.07,0.24,2.53,9.58,9.495,9.566,40442.31,30430.24,29093.66,0.43
2017-06-14,9.42,9.56,9.48,9.42,19527.49,0.01,0.11,9.544,9.435,9.59,37523.52,29148.98,28934.45,0.26
2017-06-13,9.34,9.54,9.47,9.32,24082.81,0.11,1.18,9.56,9.425,9.619,38385.44,29389.52,28810.58,0.32
2017-06-12,9.8,9.8,9.36,9.35,57533.57,-0.51,-5.17,9.544,9.432,9.651,37074.69,29117.11,28578.85,0.77
2017-06-09,9.54,9.95,9.87,9.5,68783.6,0.33,3.46,9.544,9.434,9.688,29619.58,26377.44,27465.86,0.92
2017-06-08,9.62,9.62,9.54,9.49,17690.14,-0.02,-0.21,9.41,9.37,9.702,20418.17,23576.82,25759.42,0.24
2017-06-07,9.4,9.6,9.56,9.4,23837.08,0.17,1.81,9.326,9.333,9.752,20774.43,26186.34,26873.02,0.32
2017-06-06,9.36,9.49,9.39,9.33,17529.07,0.03,0.32,9.29,9.368,9.813,20393.6,25959.88,28341.86,0.23
2017-06-05,9.17,9.4,9.36,9.17,20258.0,0.16,1.74,9.32,9.45,9.876,21159.52,26660.14,28975.25,0.27
2017-06-02,9.11,9.24,9.2,8.97,22776.56,0.08,0.88,9.324,9.53,9.937,23135.31,27188.05,29486.29,0.3
2017-06-01,9.38,9.46,9.12,9.11,19471.46,-0.26,-2.77,9.33,9.637,10.019,26735.46,27757.07,31115.75,0.26
2017-05-31,9.6,9.74,9.38,9.38,21932.93,-0.16,-1.68,9.34,9.744,10.103,31598.24,28719.92,32544.34,0.29
2017-05-26,9.47,9.57,9.54,9.36,21358.66,0.16,1.71,9.446,9.812,10.161,31526.16,28231.63,32706.62,0.28
2017-05-25,9.14,9.52,9.38,9.06,30136.93,0.15,1.62,9.58,9.869,10.202,32160.76,28040.59,33865.03,0.4
2017-05-24,9.15,9.31,9.23,8.62,40777.33,0.06,0.65,9.736,9.942,10.254,31240.8,28554.27,34404.03,0.54
2017-05-23,9.89,9.98,9.17,9.1,43785.36,-0.74,-7.47,9.944,10.034,10.328,28778.68,27942.03,33637.27,0.58
2017-05-22,10.15,10.17,9.91,9.9,21572.52,-0.3,-2.94,10.148,10.171,10.409,25841.6,27559.69,32932.85,0.29
2017-05-19,10.22,10.36,10.21,10.13,24531.65,0.05,0.49,10.178,10.258,10.476,24937.11,30723.84,33022.43,0.33
2017-05-18,10.26,10.3,10.16,10.13,25537.13,-0.11,-1.07,10.158,10.301,10.521,23920.42,31290.35,33153.65,0.34
2017-05-17,10.19,10.3,10.27,10.18,28466.74,0.08,0.79,10.148,10.343,10.578,25867.74,31784.53,34379.97,0.38
2017-05-16,10.03,10.22,10.19,9.88,29099.95,0.13,1.29,10.124,10.4,10.655,27105.38,34474.43,34658.64,0.39
2017-05-15,10.08,10.15,10.06,10.03,17050.06,-0.05,-0.49,10.194,10.462,10.749,29277.79,36368.75,37250.06,0.23
2017-05-12,10.06,10.21,10.11,10.0,19448.21,0.0,0.0,10.338,10.509,10.836,36510.57,37181.6,37853.65,0.26
2017-05-11,10.02,10.23,10.11,9.85,35273.76,-0.04,-0.39,10.444,10.534,10.933,38660.29,39689.46,38342.53,0.47
2017-05-10,10.5,10.65,10.15,10.12,34654.91,-0.39,-3.7,10.538,10.566,11.031,37701.32,40253.79,37766.42,0.46
2017-05-09,10.78,10.8,10.54,10.19,39962.0,-0.24,-2.23,10.676,10.622,11.127,41843.48,39332.5,38378.67,0.53
2017-05-08,10.71,11.1,10.78,10.66,53213.97,0.14,1.32,10.73,10.647,11.204,43459.72,38306.01,38205.75,0.71
2017-05-05,10.53,10.8,10.64,10.48,30196.79,0.06,0.57,10.68,10.693,11.28,37852.63,35321.02,37044.36,0.4
2017-05-04,10.74,10.8,10.58,10.54,30478.91,-0.26,-2.4,10.624,10.741,11.359,40718.64,35016.95,37711.07,0.41
2017-05-03,10.71,10.99,10.84,10.54,55365.73,0.03,0.28,10.594,10.813,11.446,42806.27,36975.4,37634.36,0.74
2017-05-02,10.49,10.97,10.81,10.46,48043.2,0.28,2.66,10.568,10.91,11.514,36821.52,34842.86,36748.48,0.64
2017-04-28,10.37,10.59,10.53,10.35,25178.52,0.17,1.64,10.564,11.035,11.585,33152.31,38131.37,37592.92,0.34
2017-04-27,10.42,10.42,10.36,9.95,44526.84,-0.07,-0.67,10.706,11.163,11.697,32789.41,38525.7,37537.21,0.59
2017-04-26,10.71,10.79,10.43,10.34,40917.04,-0.28,-2.61,10.858,11.332,11.821,29315.25,36995.6,36434.45,0.55
2017-04-25,10.85,10.99,10.71,10.68,25442.01,-0.08,-0.74,11.032,11.496,11.943,31144.54,35279.05,35717.0,0.34
2017-04-24,11.24,11.25,10.79,10.78,29697.12,-0.45,-4.0,11.252,11.631,12.049,32864.19,37424.84,35604.1,0.4
2017-04-21,11.19,11.36,11.24,11.17,23364.02,0.12,1.08,11.506,11.761,12.147,43110.43,38105.49,35754.86,0.31
2017-04-20,11.32,11.37,11.12,11.08,27156.06,-0.18,-1.59,11.62,11.867,12.226,44261.99,38767.71,36422.95,0.36
2017-04-19,11.8,11.9,11.3,11.03,50063.47,-0.51,-4.32,11.806,11.977,12.324,44675.95,40405.2,36272.79,0.67
2017-04-18,11.99,12.12,11.81,11.75,34040.29,-0.25,-2.07,11.96,12.079,12.418,39413.56,38293.32,35209.79,0.45
2017-04-17,12.0,12.35,12.06,11.98,80928.29,0.25,2.12,12.01,12.118,12.48,41985.49,38654.11,34895.96,1.08
2017-04-14,12.01,12.09,11.81,11.8,29121.82,-0.24,-1.99,12.016,12.135,12.53,33100.56,37054.48,32210.32,0.39
2017-04-13,12.07,12.24,12.05,12.01,29225.89,-0.02,-0.17,12.114,12.23,12.584,33273.43,36548.73,32272.1,0.39
2017-04-12,12.0,12.14,12.07,11.87,23751.5,0.01,0.08,12.148,12.31,12.635,36134.45,35873.29,31980.94,0.32
2017-04-11,12.01,12.13,12.06,11.77,46899.96,-0.03,-0.25,12.198,12.389,12.687,37173.09,36154.94,32099.81,0.63
2017-04-10,12.29,12.29,12.09,12.05,36503.64,-0.21,-1.71,12.226,12.467,12.737,35322.73,33783.36,31266.03,0.49
2017-04-07,12.21,12.34,12.3,12.16,29986.16,0.08,0.66,12.254,12.532,12.786,41008.4,33404.22,30794.11,0.4
2017-04-06,12.34,12.34,12.22,12.1,43530.97,-0.1,-0.81,12.346,12.585,12.833,39824.03,34078.2,30555.98,0.58
2017-04-05,12.22,12.35,12.32,12.2,28944.71,0.12,0.98,12.472,12.671,12.889,35612.14,32140.37,29591.81,0.39
2017-03-31,12.23,12.35,12.2,12.1,37648.17,-0.03,-0.24,12.58,12.757,12.94,35136.8,32126.25,29515.78,0.5
2017-03-30,12.71,12.76,12.23,12.11,64931.97,-0.53,-4.15,12.708,12.842,12.994,32243.98,31137.8,29357.68,0.87
2017-03-29,12.82,12.89,12.76,12.71,24064.35,-0.09,-0.7,12.81,12.925,13.054,25800.05,27366.16,27956.32,0.32
2017-03-28,12.82,12.91,12.85,12.76,22471.51,-0.01,-0.08,12.824,12.938,13.096,28332.36,27995.47,29854.44,0.3
2017-03-27,12.84,12.89,12.86,12.71,26568.0,0.02,0.16,12.87,12.959,13.121,28668.6,28088.59,30245.13,0.35
2017-03-24,12.8,12.85,12.84,12.71,23184.07,0.1,0.79,12.934,12.984,13.144,29115.7,28044.68,31949.77,0.31
2017-03-23,12.81,12.93,12.74,12.66,32712.32,-0.09,-0.7,12.976,13.006,13.183,30031.63,28748.71,33686.19,0.44
2017-03-22,13.0,13.07,12.83,12.81,36725.9,-0.25,-1.91,13.04,13.04,13.238,28932.27,28183.99,37349.33,0.49
2017-03-21,13.2,13.2,13.08,13.03,24152.72,-0.1,-0.76,13.052,13.08,13.274,27658.58,27033.76,37780.74,0.32
2017-03-20,13.13,13.28,13.18,13.07,28803.47,0.13,1.0,13.048,13.106,13.302,27508.58,27043.25,38908.88,0.38
2017-03-17,13.09,13.15,13.05,13.02,27763.72,-0.01,-0.08,13.034,13.122,13.323,26973.67,26905.32,39674.48,0.37
2017-03-16,12.9,13.08,13.06,12.9,27215.55,0.17,1.32,13.036,13.145,13.345,27465.79,27577.56,41921.56,0.36
2017-03-15,13.01,13.01,12.89,12.87,30357.45,-0.17,-1.3,13.04,13.182,13.387,27435.71,28546.48,45510.38,0.4
2017-03-14,13.13,13.16,13.06,13.02,23402.73,-0.05,-0.38,13.108,13.254,13.44,26408.94,31713.4,52082.01,0.31
2017-03-13,13.0,13.12,13.11,12.95,26128.89,0.05,0.38,13.164,13.282,13.456,26577.91,32401.67,52993.4,0.35
2017-03-10,13.06,13.17,13.06,12.94,30224.31,-0.02,-0.15,13.21,13.303,13.473,26836.97,35854.85,54076.71,0.4
2017-03-09,13.22,13.27,13.08,13.03,27065.17,-0.15,-1.13,13.254,13.36,13.482,27689.33,38623.68,54769.52,0.36
2017-03-08,13.34,13.36,13.23,13.2,25223.62,-0.11,-0.82,13.324,13.435,13.497,29657.24,46514.66,55021.97,0.34
2017-03-07,13.31,13.39,13.34,13.31,24247.56,0.0,0.0,13.4,13.467,13.503,37017.85,48527.72,55634.1,0.32
2017-03-06,13.28,13.35,13.34,13.2,27424.18,0.06,0.45,13.4,13.497,13.507,38225.43,50774.51,57469.98,0.37
2017-03-03,13.38,13.41,13.28,13.22,34486.12,-0.15,-1.12,13.396,13.523,13.5,44872.73,52443.63,58456.53,0.46
2017-03-02,13.61,13.61,13.43,13.4,36904.73,-0.18,-1.32,13.466,13.544,13.479,49558.03,56265.55,58261.39,0.49
2017-03-01,13.34,13.62,13.61,13.29,62026.68,0.27,2.02,13.546,13.592,13.465,63372.08,62474.29,57560.74,0.83
2017-02-28,13.35,13.38,13.34,13.27,30285.45,0.02,0.15,13.534,13.626,13.437,60037.58,72450.63,55584.29,0.4
2017-02-27,13.53,13.63,13.32,13.28,60660.69,-0.31,-2.27,13.594,13.629,13.423,63323.59,73585.13,55830.86,0.81
2017-02-24,13.77,13.77,13.63,13.52,57912.58,-0.2,-1.45,13.65,13.643,13.421,60014.54,72298.57,54495.33,0.77
2017-02-23,13.55,13.91,13.83,13.55,105974.99,0.28,2.07,13.622,13.603,13.398,62973.08,70915.37,53310.85,1.41
2017-02-22,13.52,13.65,13.55,13.45,45354.18,-0.09,-0.66,13.638,13.559,13.362,61576.5,63529.28,49909.45,0.6
2017-02-21,13.6,13.68,13.64,13.52,46715.49,0.04,0.29,13.718,13.539,13.345,84863.68,62740.48,49894.24,0.62
2017-02-20,13.5,13.67,13.6,13.41,44115.44,0.11,0.81,13.664,13.516,13.326,83846.68,64165.46,49926.52,0.59
2017-02-17,13.93,13.93,13.49,13.43,72705.3,-0.42,-3.02,13.636,13.477,13.296,84582.6,64469.43,52367.4,0.97
2017-02-16,13.86,13.99,13.91,13.62,98992.09,-0.04,-0.29,13.584,13.414,13.306,78857.66,60257.23,52056.58,1.32
2017-02-15,13.57,14.12,13.95,13.45,161790.06,0.58,4.34,13.48,13.337,13.325,65482.07,52647.19,49879.54,2.16
2017-02-14,13.44,13.59,13.37,13.35,41630.52,-0.09,-0.67,13.36,13.248,13.337,40617.29,38717.94,45854.31,0.56
2017-02-13,13.24,13.48,13.46,13.21,47795.03,0.23,1.74,13.368,13.217,13.394,44484.24,38076.59,48575.09,0.64
2017-02-10,13.44,13.45,13.23,13.21,44080.58,-0.16,-1.2,13.318,13.199,13.467,44356.25,36692.09,50536.76,0.59
2017-02-09,13.35,13.42,13.39,13.31,32114.15,0.04,0.3,13.244,13.192,13.558,41656.81,35706.33,55889.23,0.43
2017-02-08,13.37,13.4,13.35,13.19,37466.18,-0.06,-0.45,13.194,13.164,13.631,39812.31,36289.62,59694.99,0.5
2017-02-07,13.17,13.49,13.41,13.12,60965.25,0.2,1.51,13.136,13.15,13.712,36818.59,37048.0,64872.67,0.81
2017-02-06,12.85,13.22,13.21,12.81,47155.11,0.35,2.72,13.066,13.136,13.781,31668.94,35687.57,68335.83,0.63
2017-02-03,13.14,13.18,12.86,12.82,30583.35,-0.28,-2.13,13.08,13.114,13.85,29027.92,40265.37,75709.61,0.41
2017-01-26,13.07,13.14,13.14,13.04,22891.66,0.08,0.61,13.14,13.197,13.909,29755.86,43855.93,78693.18,0.31
2017-01-25,13.06,13.12,13.06,12.97,22497.6,0.0,0.0,13.134,13.312,13.973,32766.92,47111.88,84437.68,0.3
2017-01-24,13.19,13.25,13.06,13.0,35217.0,-0.22,-1.66,13.164,13.426,14.041,37277.4,52990.68,89530.62,0.47
2017-01-23,13.18,13.33,13.28,13.18,33950.01,0.12,0.91,13.206,13.57,14.113,39706.2,59073.58,93848.82,0.45
2017-01-20,13.19,13.28,13.16,13.02,34223.01,0.05,0.38,13.148,13.734,14.153,51502.81,64381.44,97102.64,0.46
2017-01-19,13.21,13.38,13.11,13.04,37947.0,-0.1,-0.76,13.254,13.924,14.212,57956.01,76072.13,102071.43,0.51
2017-01-18,13.19,13.39,13.21,13.1,45050.0,-0.06,-0.45,13.49,14.098,14.275,61456.85,83100.36,104905.4,0.6
2017-01-17,12.98,13.3,13.27,12.81,47361.0,0.28,2.16,13.688,14.274,14.339,68703.96,92697.35,108410.3,0.63
2017-01-16,13.55,13.75,12.99,12.46,92933.06,-0.7,-5.11,13.934,14.425,14.396,78440.96,100984.08,116001.35,1.24
2017-01-13,14.17,14.35,13.69,13.63,66489.0,-0.6,-4.2,14.32,14.585,14.436,77260.06,111153.86,117771.03,0.89
2017-01-12,14.15,14.42,14.29,14.05,55451.17,0.09,0.63,14.594,14.621,14.446,94188.25,113530.43,122002.42,0.74
2017-01-11,14.46,14.75,14.2,14.15,81285.56,-0.3,-2.07,14.706,14.634,14.418,104743.88,121763.48,127556.01,1.08
2017-01-10,14.85,14.92,14.5,14.46,96046.02,-0.42,-2.81,14.86,14.656,14.351,116690.74,126070.57,125932.08,1.28
2017-01-09,15.03,15.03,14.92,14.75,87028.56,-0.14,-0.93,14.916,14.656,14.25,123527.19,128624.07,124365.98,1.16
2017-01-06,14.8,15.19,15.06,14.65,151129.94,0.21,1.41,14.85,14.571,14.172,145047.66,129823.84,121653.8,2.02
2017-01-05,14.9,14.92,14.85,14.65,108229.33,-0.12,-0.8,14.648,14.499,14.088,132872.6,128070.73,116168.44,1.44
2017-01-04,14.7,15.08,14.97,14.61,141019.84,0.19,1.29,14.562,14.452,14.011,138783.08,126710.44,111952.31,1.88
2017-01-03,14.59,14.93,14.78,14.47,130228.29,0.19,1.3,14.452,14.404,13.922,135450.4,124123.25,106194.17,1.74
2016-12-30,14.1,15.2,14.59,14.1,194630.88,0.54,3.84,14.396,14.366,13.84,133720.94,131018.62,102031.37,2.6
2016-12-29,14.27,14.38,14.05,14.02,90254.68,-0.37,-2.57,14.292,14.286,13.785,114600.01,124388.21,95041.52,1.2
2016-12-28,14.35,14.89,14.42,14.3,137781.73,0.0,0.0,14.35,14.271,13.775,123268.86,130474.41,92666.1,1.84
2016-12-27,14.4,14.61,14.42,14.28,124356.4,-0.08,-0.55,14.342,14.202,13.739,114637.8,133348.53,87815.24,1.66
2016-12-26,13.9,14.5,14.5,13.9,121581.02,0.43,3.06,14.356,14.045,13.704,112796.1,125793.58,84791.26,1.62
2016-12-23,14.2,14.37,14.07,13.88,99026.24,-0.27,-1.88,14.336,13.844,13.678,128316.29,120107.9,84561.35,1.32
2016-12-22,14.34,14.67,14.34,14.11,133598.92,-0.04,-0.28,14.28,13.773,13.701,134176.4,113483.77,86335.23,1.78
2016-12-21,14.49,14.49,14.38,14.22,94626.43,-0.11,-0.76,14.192,13.677,13.708,137679.96,104266.14,87893.86,1.26
2016-12-20,14.3,14.58,14.49,14.02,115147.89,0.09,0.62,14.062,13.57,13.685,152059.26,97194.18,87142.91,1.54
2016-12-19,13.79,14.64,14.4,13.79,199181.98,0.61,4.42,13.734,13.439,13.671,138791.07,88265.09,85238.31,2.66
2016-12-16,13.77,14.45,13.79,13.72,128326.78,-0.11,-0.79,13.352,13.314,13.666,111899.5,73044.11,81195.4,1.71
2016-12-15,13.65,14.12,13.9,13.48,151116.72,0.17,1.24,13.266,13.283,13.68,92791.14,65694.84,79126.31,2.02
2016-12-14,12.85,14.14,13.73,12.76,166522.94,0.88,6.85,13.162,13.278,13.681,70852.32,54857.79,74816.38,2.22
2016-12-13,12.49,12.98,12.85,12.3,48806.92,0.36,2.88,13.078,13.276,13.693,42329.1,42281.96,72095.0,0.65
2016-12-12,13.34,13.45,12.49,12.4,64724.16,-0.87,-6.51,13.144,13.363,13.739,37739.11,43788.94,73943.73,0.86
2016-12-09,13.27,13.47,13.36,13.19,32784.94,-0.02,-0.15,13.276,13.512,13.799,34188.72,49014.8,77814.26,0.44
2016-12-08,13.31,13.55,13.38,13.22,41422.62,0.07,0.53,13.3,13.628,13.833,38598.54,59186.7,84993.69,0.55
2016-12-07,13.18,13.32,13.31,13.15,23906.85,0.14,1.06,13.394,13.738,13.845,38863.26,71521.58,87224.48,0.32
2016-12-06,13.26,13.28,13.18,13.15,25856.96,0.02,0.15,13.474,13.8,13.84,42234.81,77091.65,88848.91,0.34
2016-12-05,13.35,13.41,13.15,13.1,46972.24,-0.34,-2.52,13.582,13.903,13.854,49838.77,82211.53,91007.95,0.63
2016-12-02,13.85,13.88,13.48,13.48,54834.02,-0.38,-2.74,13.748,14.018,13.854,63840.88,89346.68,90156.1,0.73
2016-12-01,13.7,13.87,13.85,13.69,42746.24,0.13,0.95,13.956,14.077,13.837,79774.86,92557.78,89628.08,0.57
2016-11-30,13.75,13.89,13.71,13.64,40764.6,-0.01,-0.07,14.082,14.084,13.811,104179.9,94774.97,90086.48,0.54
2016-11-29,13.92,14.03,13.72,13.71,63876.76,-0.26,-1.86,14.126,14.109,13.786,111948.48,101908.05,90934.37,0.85
2016-11-28,14.2,14.33,13.98,13.95,116982.76,-0.53,-3.65,14.224,14.114,13.776,114584.3,104098.53,90493.16,1.56
2016-11-25,14.38,14.55,14.52,13.9,134503.94,0.05,0.35,14.288,14.085,13.753,114852.48,106613.72,89101.19,1.79
2016-11-24,13.94,14.6,14.48,13.9,164771.45,0.54,3.87,14.198,14.038,13.678,105340.7,110800.69,84341.74,2.2
2016-11-23,14.24,14.24,13.93,13.92,79607.49,-0.28,-1.97,14.086,13.951,13.615,85370.03,102927.38,77521.1,1.06
2016-11-22,14.24,14.37,14.21,14.1,77055.84,-0.09,-0.63,14.092,13.88,13.582,91867.61,100606.17,75177.63,1.03
2016-11-21,14.02,14.37,14.3,13.9,118323.68,0.23,1.64,14.004,13.804,13.541,93612.76,99804.37,72944.0,1.58
2016-11-18,13.86,14.2,14.07,13.75,86945.06,0.17,1.22,13.882,13.69,13.493,98374.95,90965.53,68658.85,1.16
2016-11-17,14.0,14.05,13.92,13.8,64918.09,-0.05,-0.36,13.878,13.596,13.454,116260.68,86698.39,66174.66,0.87
2016-11-16,13.85,14.19,13.96,13.69,112095.39,0.19,1.38,13.816,13.537,13.426,120484.74,85397.99,64507.59,1.49
2016-11-15,13.68,13.96,13.77,13.6,85781.59,0.08,0.58,13.668,13.462,13.402,109344.72,79960.7,60686.3,1.14
2016-11-14,13.8,13.8,13.69,13.49,142134.62,-0.36,-2.56,13.604,13.437,13.389,105995.98,76887.79,58182.45,1.9
2016-11-11,13.59,14.23,14.05,13.48,176373.69,0.44,3.23,13.498,13.42,13.369,83556.11,71588.66,53251.07,2.35
2016-11-10,13.35,13.64,13.61,13.29,86038.39,0.4,3.03,13.314,13.317,13.343,57136.1,57882.8,46320.09,1.15
2016-11-09,13.46,13.52,13.22,13.08,56395.32,-0.22,-1.64,13.258,13.279,13.339,50311.24,52114.81,44425.41,0.75
2016-11-08,13.21,13.51,13.45,13.11,69037.88,0.29,2.2,13.256,13.283,13.35,50576.67,49749.09,44741.64,0.92
2016-11-07,13.1,13.21,13.16,13.01,29935.27,0.03,0.23,13.27,13.278,13.361,47779.61,46083.63,46688.95,0.4
2016-11-04,13.43,13.45,13.13,13.1,44273.62,-0.2,-1.5,13.342,13.296,13.367,59621.21,46352.17,48273.79,0.59
2016-11-03,13.2,13.41,13.33,13.1,51914.09,0.07,0.53,13.32,13.311,13.368,58629.5,45650.94,50010.15,0.69
2016-11-02,13.35,13.61,13.21,13.21,57722.51,-0.3,-2.22,13.3,13.314,13.328,53918.39,43617.19,49316.77,0.77
2016-11-01,13.45,13.66,13.52,13.31,55052.55,0.0,0.0,13.31,13.342,13.293,48921.5,41411.89,47798.19,0.73
2016-10-31,12.85,13.57,13.52,12.83,89143.3,0.5,3.84,13.286,13.341,13.25,44387.66,39477.1,46969.65,1.19
2016-10-28,13.1,13.3,13.02,12.94,39315.04,-0.21,-1.59,13.25,13.318,13.206,33083.12,34913.47,44959.67,0.52
2016-10-27,13.31,13.36,13.23,13.13,28358.56,-0.05,-0.38,13.302,13.368,13.212,32672.39,34757.38,44127.28,0.38
2016-10-26,13.47,13.51,13.26,13.19,32738.06,-0.14,-1.04,13.328,13.398,13.208,33315.98,36736.01,44216.03,0.44
2016-10-25,13.34,13.46,13.4,13.27,32383.32,0.06,0.45,13.374,13.416,13.202,33902.28,39734.19,44679.82,0.43
2016-10-24,13.25,13.41,13.34,13.22,32620.62,0.08,0.6,13.396,13.443,13.182,34566.55,47294.28,44345.59,0.44
2016-10-21,13.33,13.4,13.28,13.16,37261.38,-0.09,-0.67,13.386,13.438,13.168,36743.82,50195.41,44465.27,0.5
2016-10-20,13.43,13.5,13.36,13.31,31576.51,-0.14,-1.04,13.434,13.425,13.143,36842.38,54369.35,44304.01,0.42
2016-10-19,13.45,13.6,13.49,13.35,35669.59,-0.02,-0.15,13.468,13.342,13.121,40156.03,55016.36,44413.82,0.48
2016-10-18,13.28,13.55,13.51,13.28,35704.67,0.22,1.66,13.458,13.243,13.088,45566.09,54184.49,45935.03,0.48
2016-10-17,13.45,13.65,13.29,13.2,43506.95,-0.23,-1.7,13.49,13.158,13.088,60022.0,54462.2,47659.95,0.58
2016-10-14,13.54,13.7,13.52,13.28,37754.18,-0.01,-0.07,13.49,13.094,13.11,63647.0,55005.88,47423.29,0.5
2016-10-13,13.44,13.76,13.53,13.41,48144.77,0.1,0.74,13.416,13.056,13.126,71896.33,53497.18,46962.09,0.64
2016-10-12,13.44,13.62,13.44,13.39,62719.9,-0.25,-1.83,13.216,13.017,13.149,69876.68,51696.06,46516.27,0.84
2016-10-11,13.19,13.89,13.67,13.19,107984.2,0.38,2.86,13.028,12.988,13.163,62802.88,49625.45,44324.48,1.44
2016-10-10,13.45,13.63,13.29,13.18,61631.94,0.15,1.14,12.826,12.92,13.163,48902.39,41396.91,40522.28,0.82
2016-09-30,12.73,13.15,13.15,12.67,79000.83,0.62,4.95,12.698,12.897,13.186,46364.75,38735.13,38661.82,1.05
2016-09-29,12.48,12.73,12.53,12.48,38046.55,0.03,0.24,12.696,12.861,13.22,35098.04,34238.66,36331.56,0.51
2016-09-28,12.67,12.67,12.5,12.4,27350.87,-0.17,-1.34,12.818,12.899,13.288,33515.43,33811.29,35700.44,0.36
2016-09-27,12.66,12.76,12.66,12.44,38481.77,0.0,0.0,12.948,12.932,13.361,36448.03,37685.57,36355.74,0.51
2016-09-26,13.14,13.23,12.65,12.63,48943.74,-0.49,-3.73,13.014,13.018,13.43,33891.43,40857.71,36331.21,0.65
2016-09-23,13.22,13.22,13.14,13.09,22667.27,0.0,0.0,13.096,13.125,13.501,31105.52,39840.71,36684.39,0.3
2016-09-22,13.16,13.33,13.14,13.12,30133.51,-0.02,-0.15,13.026,13.196,13.538,33379.28,40426.99,37435.07,0.4
2016-09-21,12.93,13.26,13.15,12.92,42013.84,0.15,1.15,12.98,13.281,13.572,34107.15,41336.49,37892.66,0.56
2016-09-20,13.04,13.05,12.99,12.86,25698.8,-0.07,-0.54,12.916,13.338,13.605,38923.11,39023.51,40163.97,0.34
2016-09-19,12.86,13.17,13.06,12.85,35014.17,0.27,2.11,13.022,13.406,13.667,47823.99,39647.65,42258.14,0.47
2016-09-14,12.87,12.88,12.79,12.71,34036.09,-0.11,-0.85,13.154,13.475,13.724,48575.9,38588.51,46028.92,0.45
2016-09-13,12.97,13.07,12.91,12.77,33772.85,0.07,0.55,13.366,13.578,13.814,47474.69,38424.45,48792.33,0.45
2016-09-12,13.22,13.3,12.83,12.72,66093.64,-0.68,-5.03,13.582,13.677,13.896,48565.83,37589.59,50781.95,0.88
2016-09-09,13.68,13.85,13.52,13.47,70203.18,-0.19,-1.39,13.76,13.79,13.984,39123.9,35025.91,51637.41,0.94
2016-09-08,13.83,13.92,13.72,13.68,38773.74,-0.13,-0.94,13.79,13.841,14.027,31471.31,31804.7,50694.72,0.52
2016-09-07,13.99,14.02,13.85,13.83,28530.04,-0.14,-1.0,13.796,13.877,14.055,28601.12,33528.06,52485.81,0.38
2016-09-06,13.73,14.03,13.99,13.68,39228.53,0.27,1.97,13.79,13.879,14.103,29374.22,34443.15,55728.09,0.52
2016-09-05,13.7,13.78,13.72,13.66,18884.02,0.05,0.37,13.772,13.863,14.157,26613.36,34448.82,60182.77,0.25
2016-09-02,13.76,13.84,13.67,13.61,31940.2,-0.11,-0.8,13.82,13.871,14.22,30927.91,41304.44,65267.73,0.43
2016-09-01,13.84,13.89,13.75,13.75,24422.8,-0.06,-0.43,13.892,13.927,14.256,32138.1,44868.63,67144.89,0.33
2016-08-31,13.9,13.96,13.82,13.77,32395.53,-0.09,-0.65,13.958,13.972,14.293,38455.01,53469.32,70228.91,0.43
2016-08-30,13.98,14.02,13.9,13.9,25424.27,-0.05,-0.36,13.968,14.05,14.323,39512.08,59160.21,75361.58,0.34
2016-08-29,14.09,14.09,13.96,13.88,40456.75,-0.06,-0.43,13.954,14.114,14.329,42284.28,63974.3,77696.43,0.54
2016-08-26,14.06,14.11,14.03,13.93,37991.16,-0.04,-0.28,13.922,14.178,14.304,51680.96,68248.91,79247.57,0.51
2016-08-25,13.94,14.08,14.08,13.77,56007.32,0.21,1.51,13.962,14.212,14.314,57599.16,69584.73,82157.85,0.75
2016-08-24,13.83,13.93,13.87,13.78,37680.89,0.04,0.29,13.986,14.232,14.361,68483.64,71443.55,84548.97,0.5
2016-08-23,13.8,13.97,13.83,13.73,39285.29,0.03,0.22,14.132,14.326,14.418,78808.34,77013.03,93546.58,0.52
2016-08-22,14.23,14.31,13.8,13.72,87440.15,-0.43,-3.02,14.274,14.45,14.447,85664.32,85916.73,94243.63,1.17
2016-08-19,14.2,14.35,14.23,14.1,67582.16,0.03,0.21,14.434,14.568,14.466,84816.85,89231.03,91629.86,0.9
2016-08-18,14.46,14.58,14.2,14.15,110429.72,-0.38,-2.61,14.462,14.584,14.458,81570.31,89421.15,90174.75,1.47
2016-08-17,14.58,14.8,14.6,14.37,89304.37,0.06,0.41,14.478,14.614,14.459,74403.46,86988.49,87267.32,1.19
2016-08-16,14.6,14.77,14.54,14.45,73565.22,-0.06,-0.41,14.52,14.596,14.427,75217.72,91562.96,84394.64,0.98
2016-08-15,14.12,14.65,14.6,14.12,83202.78,0.22,1.53,14.626,14.543,14.401,86169.13,91418.56,82268.97,1.11
2016-08-12,14.28,14.39,14.37,14.05,51349.44,0.13,0.91,14.702,14.429,14.363,93645.21,90246.24,80368.14,0.68
2016-08-11,14.86,14.86,14.28,14.2,74595.5,-0.53,-3.58,14.706,14.416,14.353,97272.0,94730.97,81243.05,0.99
2016-08-10,14.9,15.09,14.81,14.63,93375.66,-0.24,-1.59,14.75,14.489,14.347,99573.52,97654.38,78994.29,1.25
2016-08-09,15.02,15.35,15.07,14.77,128322.25,0.09,0.6,14.672,14.51,14.313,107908.19,110080.12,76120.03,1.71
2016-08-08,14.38,15.08,14.98,14.36,120583.2,0.6,4.17,14.46,14.443,14.269,96667.99,102570.54,72088.92,1.61
2016-08-05,14.38,14.76,14.39,14.33,69483.38,-0.1,-0.69,14.156,14.363,14.217,86847.26,94028.7,68381.0,0.93
2016-08-04,14.4,14.85,14.5,14.32,86103.1,0.07,0.48,14.126,14.332,14.205,92189.93,90928.34,66772.64,1.15
2016-08-03,13.81,14.8,14.42,13.8,135049.03,0.41,2.93,14.228,14.303,14.187,95735.25,87546.15,65510.32,1.8
2016-08-02,13.4,14.16,14.01,13.38,72121.22,0.55,4.09,14.348,14.258,14.188,112252.05,77226.32,64920.19,0.96
2016-08-01,14.35,14.35,13.46,13.22,71479.58,-0.78,-5.48,14.426,14.258,14.173,108473.09,73119.38,64689.31,0.95
2016-07-29,14.98,15.12,14.24,14.13,96196.74,-0.74,-4.94,14.57,14.296,14.17,101210.13,70490.04,62980.08,1.28
2016-07-28,14.85,15.05,15.01,14.61,103829.68,-0.04,-0.27,14.538,14.289,14.119,89666.75,67755.13,59444.57,1.38
2016-07-27,14.4,15.76,15.02,14.28,217633.05,0.6,4.16,14.378,14.204,14.025,79357.06,60334.2,55886.24,2.9
2016-07-26,14.15,14.44,14.4,14.1,53226.39,0.23,1.62,14.168,14.116,13.939,42200.58,42159.93,46914.43,0.71
2016-07-25,14.04,14.25,14.18,13.99,35164.81,0.09,0.64,14.09,14.094,13.882,37765.68,41607.31,46432.81,0.47
2016-07-22,14.09,14.36,14.08,14.08,38479.8,-0.14,-0.98,14.022,14.07,13.83,39769.94,42733.31,46226.59,0.51
2016-07-21,13.88,14.41,14.21,13.88,52281.23,0.24,1.72,14.04,14.078,13.776,45843.51,42616.94,47126.37,0.7
2016-07-20,14.01,14.18,13.97,13.96,31850.67,-0.04,-0.29,14.03,14.071,13.735,41311.34,43474.49,48018.87,0.42
2016-07-19,13.95,14.04,14.01,13.8,31051.89,0.16,1.16,14.064,14.118,13.68,42119.28,52614.06,47645.4,0.41
2016-07-18,14.0,14.02,13.84,13.71,45186.09,-0.32,-2.26,14.098,14.087,13.613,45448.93,56259.24,47466.12,0.6
2016-07-15,14.29,14.63,14.17,14.15,68847.65,0.02,0.14,14.118,14.043,13.562,45696.69,55470.12,46604.23,0.92
2016-07-14,14.12,14.25,14.16,14.04,29620.39,0.04,0.28,14.116,13.948,13.502,39390.37,51134.02,45338.88,0.4
2016-07-13,14.19,14.25,14.14,14.02,35890.37,-0.03,-0.21,14.112,13.845,13.426,45637.64,51438.29,45372.13,0.48
2016-07-12,13.86,14.21,14.18,13.86,47700.15,0.24,1.72,14.172,13.762,13.363,63108.84,51668.94,45227.03,0.64
2016-07-11,14.15,14.18,13.94,13.87,46424.87,-0.21,-1.48,14.076,13.67,13.285,67069.55,51258.31,44560.63,0.62
2016-07-08,14.15,14.22,14.16,14.02,37316.07,0.03,0.21,13.968,13.59,13.204,65243.56,49719.88,44733.01,0.5
2016-07-07,14.16,14.36,14.14,14.01,60856.74,-0.31,-2.15,13.78,13.474,13.171,62877.67,51635.8,44639.55,0.81
2016-07-06,14.08,14.66,14.44,13.91,123246.37,0.73,5.33,13.578,13.398,13.147,57238.93,52563.25,43060.18,1.64
2016-07-05,13.56,13.87,13.7,13.47,67503.72,0.3,2.24,13.352,13.241,13.113,40229.03,42676.74,38854.68,0.9
2016-07-04,13.22,13.45,13.4,13.11,37294.91,0.19,1.44,13.264,13.139,13.115,35447.06,38673.01,37729.12,0.5
2016-07-01,13.1,13.29,13.22,13.06,25486.61,0.09,0.69,13.212,13.08,13.132,34196.19,37738.33,37957.04,0.34
2016-06-30,13.25,13.36,13.13,13.04,32663.04,-0.18,-1.35,13.168,13.056,13.154,40393.93,39543.74,38846.52,0.44
2016-06-29,13.27,13.5,13.31,13.22,38196.89,0.05,0.38,13.218,13.006,13.184,47887.57,39305.97,40179.83,0.51
2016-06-28,13.03,13.36,13.26,12.99,43593.83,0.12,0.91,13.13,12.963,13.18,45124.45,38785.12,39936.23,0.58
2016-06-27,12.87,13.2,13.14,12.81,31040.59,0.15,1.16,13.014,12.899,13.184,41898.96,37862.96,40483.89,0.41
2016-06-24,13.3,13.45,13.0,12.73,56475.29,-0.39,-2.91,12.948,12.818,13.184,41280.48,39746.14,40880.79,0.75
2016-06-23,12.89,13.56,13.38,12.88,70131.26,0.51,3.96,12.944,12.867,13.187,38693.55,37643.31,39449.1,0.94
2016-06-22,12.7,12.9,12.87,12.5,24381.29,0.17,1.34,12.794,12.896,13.176,30724.37,33557.11,37534.41,0.33
2016-06-21,12.98,13.05,12.68,12.49,27466.35,-0.13,-1.01,12.796,12.984,13.202,32445.79,35032.61,38420.63,0.37
2016-06-20,12.93,12.98,12.81,12.61,27948.19,-0.17,-1.31,12.784,13.091,13.231,33826.95,36785.22,38996.09,0.37
2016-06-17,12.63,13.07,12.98,12.63,43540.68,0.35,2.77,12.688,13.183,13.249,38211.8,38175.75,40222.36,0.58
2016-06-16,12.73,12.9,12.63,12.47,30285.33,-0.24,-1.86,12.79,13.252,13.259,36593.06,38149.31,42070.04,0.4
2016-06-15,12.47,12.97,12.88,12.35,32988.38,0.26,2.06,12.998,13.362,13.335,36389.86,41053.69,44331.91,0.44
2016-06-14,12.45,12.7,12.62,12.21,34372.19,0.28,2.27,13.172,13.396,13.42,37619.43,41087.34,45594.57,0.46
2016-06-13,13.4,13.4,12.33,12.27,49872.4,-1.15,-8.53,13.398,13.469,13.504,39743.49,43104.83,46692.82,0.67
2016-06-08,13.61,13.8,13.49,13.42,35447.02,-0.18,-1.32,13.678,13.55,13.594,38139.71,42015.44,46780.38,0.47
2016-06-07,13.68,13.79,13.67,13.5,29269.31,-0.09,-0.65,13.714,13.507,13.632,39705.55,41254.89,48729.34,0.39
2016-06-06,13.67,13.97,13.75,13.67,39136.25,-0.01,-0.07,13.726,13.456,13.672,45717.52,41511.7,50415.81,0.52
2016-06-03,13.79,13.84,13.75,13.62,44992.49,0.03,0.22,13.62,13.42,13.696,44555.25,41808.65,53744.06,0.6
2016-06-02,13.62,13.76,13.73,13.62,41853.46,0.05,0.36,13.54,13.371,13.768,46466.16,41206.96,59787.44,0.56
2016-06-01,13.8,13.85,13.67,13.58,43276.25,-0.06,-0.44,13.422,13.314,13.898,45891.18,42268.96,64988.2,0.58
2016-05-31,13.13,13.77,13.73,13.13,59329.13,0.52,3.94,13.3,13.266,14.002,42804.23,45990.77,67580.11,0.79
2016-05-30,13.26,13.39,13.22,13.08,33324.94,-0.14,-1.05,13.186,13.307,14.119,37305.89,47610.12,69867.63,0.44
2016-05-27,13.18,13.45,13.35,12.99,54547.04,0.21,1.6,13.22,13.443,14.238,39062.05,50101.8,73400.66,0.73
2016-05-26,13.0,13.23,13.14,12.6,38978.52,0.08,0.61,13.202,13.538,14.342,35947.76,50280.82,75262.27,0.52
2016-05-25,13.2,13.35,13.06,13.03,27841.54,-0.09,-0.68,13.206,13.638,14.473,38646.75,51545.32,79752.3,0.37
2016-05-24,13.34,13.38,13.16,13.02,31837.39,-0.23,-1.72,13.232,13.756,14.626,49177.31,56203.78,86750.14,0.42
2016-05-23,13.28,13.49,13.39,13.23,42105.77,0.12,0.9,13.428,13.887,14.718,57914.36,59319.92,93938.21,0.56
2016-05-20,12.88,13.31,13.26,12.81,38975.58,0.1,0.76,13.666,13.971,14.804,61141.55,65679.46,98393.31,0.52
2016-05-19,13.17,13.45,13.16,13.13,52473.47,-0.03,-0.23,13.874,14.165,14.912,64613.88,78367.92,109259.97,0.7
2016-05-18,13.99,13.99,13.19,13.02,80494.36,-0.93,-6.59,14.07,14.482,14.955,64443.88,87707.44,112075.41,1.07
2016-05-17,14.6,14.6,14.14,14.08,75522.63,-0.44,-3.02,14.28,14.737,15.017,63230.24,89169.45,110399.48,1.01
2016-05-16,14.35,14.59,14.58,14.16,58241.73,0.28,1.96,14.346,14.93,15.031,60725.48,92125.13,110187.61,0.78
2016-05-13,14.08,14.55,14.3,14.03,56337.21,0.17,1.2,14.276,15.033,15.048,70217.36,96699.51,111684.86,0.75
2016-05-12,14.0,14.16,14.14,13.56,51623.49,-0.1,-0.7,14.456,15.146,15.073,92121.95,100243.72,112125.48,0.69
2016-05-11,14.45,14.63,14.24,14.02,74426.16,-0.23,-1.59,14.894,15.308,15.105,110971.0,107959.28,115222.75,0.99
2016-05-10,14.25,14.73,14.47,14.25,62998.79,0.24,1.69,15.194,15.496,15.126,115108.67,117296.5,115496.6,0.84
2016-05-09,15.16,15.16,14.23,13.95,105701.16,-1.02,-6.69,15.514,15.549,15.121,123524.79,128556.5,115200.09,1.41
2016-05-06,16.16,16.49,15.2,14.83,165860.16,-1.14,-6.98,15.79,15.637,15.11,123181.66,131107.16,113854.85,2.21
2016-05-05,15.72,16.68,16.33,15.65,145868.75,0.61,3.88,15.836,15.659,15.079,108365.48,140152.02,112911.25,1.95
2016-05-04,15.94,16.21,15.74,15.61,95114.47,-0.33,-2.05,15.722,15.428,14.985,104947.56,136443.37,109293.3,1.27
2016-05-03,15.7,16.16,16.07,15.2,105079.42,0.44,2.81,15.798,15.296,14.935,119484.33,131629.5,108513.19,1.4
2016-04-29,15.44,16.13,15.61,15.35,103985.48,0.17,1.1,15.584,15.131,14.843,133588.2,128250.09,106893.78,1.39
2016-04-28,15.66,15.8,15.43,15.0,91779.3,-0.32,-2.03,15.484,15.063,14.779,139032.66,126670.21,107039.78,1.22
2016-04-27,15.8,16.14,15.76,15.56,128779.12,-0.31,-1.93,15.482,14.999,14.736,171938.56,124007.24,111258.83,1.72
2016-04-26,14.78,16.27,16.12,14.6,167798.31,1.16,7.75,15.134,14.902,14.67,167939.18,122486.21,109464.31,2.24
2016-04-25,14.95,15.92,15.0,14.84,175598.8,-0.09,-0.6,14.794,14.756,14.526,143774.68,113696.7,105667.42,2.34
2016-04-22,15.4,15.5,15.11,14.89,131207.77,-0.31,-2.01,14.678,14.692,14.442,122911.97,101843.67,99934.26,1.75
2016-04-21,14.0,15.42,15.42,13.8,256308.81,1.4,9.99,14.642,14.583,14.328,114307.75,96602.54,96212.96,3.42
2016-04-20,14.34,14.9,14.02,13.51,108782.2,-0.39,-2.71,14.516,14.499,14.222,76075.91,85670.48,86388.96,1.45
2016-04-19,14.55,14.6,14.42,14.27,46975.83,-0.01,-0.07,14.67,14.541,14.183,77033.24,82143.23,83981.52,0.63
2016-04-18,14.7,14.7,14.42,14.3,71285.23,-0.5,-3.35,14.718,14.573,14.128,83618.71,85396.87,85557.61,0.95
2016-04-15,14.78,15.19,14.93,14.66,88186.68,0.13,0.88,14.706,14.555,14.06,80775.38,85537.47,85828.04,1.18
2016-04-14,14.8,14.9,14.79,14.57,65149.6,0.0,0.0,14.524,14.494,13.946,78897.32,87409.35,84081.32,0.87
2016-04-13,14.68,15.2,14.79,14.58,113568.87,0.12,0.82,14.482,14.473,13.822,95265.04,98510.42,82924.75,1.51
2016-04-12,14.27,14.68,14.66,14.03,79903.19,0.31,2.16,14.412,14.437,13.709,87253.21,96442.4,79368.38,1.07
2016-04-11,14.19,14.69,14.36,14.1,57068.55,0.35,2.5,14.428,14.296,13.601,87175.02,97638.15,77617.53,0.76
2016-04-08,14.22,14.39,14.02,13.75,78796.41,-0.54,-3.71,14.404,14.192,13.491,90299.56,98024.84,76306.33,1.05
2016-04-07,14.44,15.2,14.58,14.44,146988.2,0.14,0.97,14.464,14.073,13.396,95921.37,95823.38,75567.3,1.96
2016-04-06,14.61,14.71,14.44,14.24,73509.72,-0.29,-1.97,14.464,13.944,13.302,101755.8,87107.45,71427.47,0.98
2016-04-05,14.4,14.76,14.74,14.3,79512.23,0.51,3.58,14.462,13.825,13.239,105631.59,85819.8,73833.14,1.06
2016-04-01,14.2,14.66,14.24,13.93,72691.25,-0.06,-0.42,14.164,13.683,13.132,108101.27,85718.35,72451.76,0.97
2016-03-31,14.4,14.77,14.32,14.19,106905.46,-0.27,-1.85,13.98,13.565,13.02,105750.11,86118.61,72099.02,1.43
2016-03-30,13.98,15.34,14.58,13.9,176160.34,0.15,1.04,13.682,13.398,12.942,95725.38,80753.29,70507.9,2.35
2016-03-29,13.24,14.5,14.43,13.01,92888.66,1.19,8.99,13.424,13.17,12.846,72459.09,67339.07,65332.11,1.24
2016-03-28,13.35,13.8,13.25,13.2,91860.64,-0.05,-0.38,13.188,12.981,12.732,66008.02,62294.35,63824.5,1.23
2016-03-25,12.89,13.35,13.32,12.7,60935.47,0.47,3.66,13.202,12.905,12.661,63335.44,57596.92,63375.7,0.81
2016-03-24,13.31,13.31,12.83,12.83,56781.79,-0.48,-3.61,13.15,12.789,12.652,66487.1,54587.83,65050.94,0.76
2016-03-23,13.21,13.39,13.29,13.08,59828.91,0.04,0.3,13.114,12.718,12.689,65781.21,55311.22,69229.46,0.8
2016-03-22,13.32,13.5,13.25,13.12,60633.28,-0.07,-0.53,12.916,12.659,12.779,62219.05,55747.49,74680.06,0.81
2016-03-21,13.15,13.46,13.32,13.15,78497.73,0.25,1.91,12.774,12.653,12.845,58580.68,61846.48,77762.93,1.05
2016-03-18,12.61,13.2,13.06,12.61,76693.81,0.42,3.32,12.608,12.581,12.886,51858.41,59185.17,78880.1,1.02
2016-03-17,12.31,12.68,12.65,12.18,53252.3,0.35,2.85,12.428,12.475,12.917,42688.56,58079.43,79249.87,0.71
2016-03-16,12.68,12.79,12.3,12.26,42018.13,-0.2,-1.6,12.322,12.485,12.983,44841.24,60262.51,84194.15,0.56
2016-03-15,12.51,12.73,12.54,12.25,42441.44,0.05,0.4,12.402,12.521,13.044,49275.93,63325.16,86260.79,0.57
2016-03-14,12.15,12.7,12.49,12.15,44886.35,0.34,2.8,12.532,12.483,13.081,65112.28,65354.64,87492.09,0.6
2016-03-11,11.95,12.3,12.16,11.89,30844.56,0.03,0.25,12.554,12.417,13.091,66511.93,69154.48,87897.33,0.41
2016-03-10,12.33,12.66,12.12,12.01,64015.72,-0.56,-4.42,12.522,12.515,13.144,73470.29,75514.05,89727.54,0.85
2016-03-09,12.85,13.08,12.7,12.6,64191.59,-0.5,-3.79,12.648,12.659,13.23,75683.77,83147.7,91974.37,0.86
2016-03-08,12.9,13.29,13.19,12.6,121623.18,0.6,4.77,12.64,12.898,13.268,77374.38,93612.63,92387.5,1.62
2016-03-07,12.05,12.62,12.6,12.05,51884.61,0.59,4.91,12.434,13.037,13.295,65597.01,93679.37,91535.68,0.69
2016-03-04,12.7,12.95,12.0,11.88,65636.37,-0.74,-5.81,12.28,13.19,13.32,71797.04,98575.03,93963.79,0.88
2016-03-03,12.58,13.23,12.75,12.58,75083.12,0.06,0.47,12.508,13.358,13.388,77557.81,100420.31,97844.96,1.0
2016-03-02,12.2,12.76,12.66,12.0,72644.62,0.52,4.28,12.67,13.48,13.407,90611.63,108125.79,102784.07,0.97
2016-03-01,11.86,12.35,12.16,11.56,62736.32,0.33,2.79,13.156,13.567,13.423,109850.88,109196.43,105912.69,0.84
2016-02-29,12.99,13.09,11.83,11.83,82884.75,-1.31,-9.97,13.64,13.678,13.416,121761.73,109629.53,110735.95,1.11
2016-02-26,13.78,13.87,13.14,12.8,94440.24,-0.42,-3.1,14.1,13.764,13.464,125353.02,106640.18,110453.36,1.26
2016-02-25,14.97,14.98,13.56,13.56,140352.23,-1.51,-10.02,14.208,13.773,13.439,123282.82,103941.02,110436.21,1.87
2016-02-24,14.38,15.57,15.09,14.32,168840.88,0.49,3.36,14.29,13.801,13.366,125639.94,100801.04,109119.77,2.25
2016-02-23,14.05,14.67,14.58,14.01,122290.57,0.45,3.19,13.978,13.638,13.236,108541.97,91162.37,107989.15,1.63
2016-02-22,13.89,14.5,14.13,13.78,100841.18,0.44,3.21,13.716,13.552,13.119,97497.32,89391.98,107650.44,1.34
2016-02-19,13.81,13.98,13.68,13.45,84089.22,-0.3,-2.15,13.428,13.45,12.97,87927.34,89352.55,107060.85,1.12
2016-02-18,13.51,14.6,13.97,13.41,152137.84,0.43,3.18,13.338,13.418,12.824,84599.23,95269.62,107372.93,2.03
2016-02-17,13.29,13.56,13.53,13.13,83351.03,0.26,1.96,13.312,13.334,12.719,75962.14,97442.36,105572.02,1.11
2016-02-16,12.71,13.37,13.27,12.71,67067.34,0.57,4.49,13.298,13.279,12.635,73782.78,102628.96,107027.5,0.89
2016-02-15,12.6,12.96,12.69,12.35,52991.26,-0.52,-3.94,13.388,13.153,12.627,81286.64,111842.37,110082.95,0.71
2016-02-05,13.65,13.86,13.23,13.16,67448.69,-0.6,-4.34,13.472,13.163,12.72,90777.76,114266.54,117542.09,0.9
2016-02-04,13.6,13.97,13.84,13.31,108952.4,0.39,2.9,13.498,13.105,12.866,105940.0,116931.39,126882.36,1.45
2016-02-03,13.46,13.65,13.46,13.15,72454.2,-0.26,-1.9,13.356,12.93,12.916,118922.58,117438.5,123330.7,0.97
2016-02-02,12.91,13.77,13.72,12.91,104586.66,0.61,4.65,13.26,12.833,13.067,131475.13,124815.92,129786.34,1.39
2016-02-01,13.25,13.73,13.11,12.68,100446.83,-0.26,-1.95,12.918,12.686,13.18,142398.1,125908.89,133476.92,1.34
2016-01-29,12.85,13.73,13.36,12.58,143259.91,0.25,1.91,12.854,12.489,13.251,137755.32,124769.16,133106.13,1.91
2016-01-28,12.67,13.79,13.13,12.67,173865.28,0.17,1.31,12.712,12.229,13.39,127922.78,119476.24,131094.33,2.32
2016-01-27,12.13,12.99,12.98,11.1,135216.98,0.98,8.17,12.504,12.104,13.559,115954.42,113701.68,133339.77,1.8
2016-01-26,12.58,13.37,12.01,11.95,159201.5,-0.78,-6.1,12.406,11.991,13.696,118156.71,111426.04,133192.19,2.12
2016-01-25,12.95,13.3,12.79,12.61,77232.95,0.17,1.35,12.454,12.1,13.813,109419.68,108323.53,131524.83,1.03
2016-01-22,12.22,12.86,12.65,12.0,94097.19,0.59,4.89,12.124,12.276,13.935,111782.99,120817.65,135178.31,1.25
2016-01-21,12.1,13.06,12.09,11.9,114023.49,-0.39,-3.12,11.746,12.627,14.074,111029.69,136833.33,142238.56,1.52
2016-01-20,12.39,12.82,12.49,12.05,146228.44,0.24,1.96,11.704,12.902,14.172,111448.94,129222.91,139874.25,1.95
2016-01-19,11.15,12.25,12.25,11.15,115516.34,1.11,9.96,11.576,13.301,14.243,104695.37,134756.75,135213.09,1.54
2016-01-18,10.48,11.51,11.14,10.35,89049.47,0.38,3.53,11.746,13.674,14.329,107227.38,141044.95,132617.53,1.19
2016-01-15,11.52,11.73,10.76,10.71,90330.72,-1.14,-9.58,12.428,14.013,14.465,129852.31,141443.1,134497.6,1.2
2016-01-14,11.13,12.21,11.88,10.82,116119.73,0.04,0.34,13.508,14.55,14.606,162636.97,142712.42,132800.13,1.55
2016-01-13,13.11,13.63,11.85,11.79,112460.58,-1.25,-9.54,14.1,15.014,14.682,146996.87,152977.86,129046.0,1.5
2016-01-12,14.3,14.54,13.1,13.1,128176.41,-1.45,-9.97,15.026,15.401,14.769,164818.13,154958.33,125774.07,1.71
2016-01-11,15.7,15.7,14.55,14.55,202174.09,-1.62,-10.02,15.602,15.525,14.797,174862.52,154726.14,122081.54,2.7
2016-01-08,15.2,16.32,16.16,14.0,254254.02,1.32,8.89,15.598,15.593,14.736,153033.89,149538.97,114629.35,3.39
2016-01-07,16.0,16.12,14.84,14.84,37919.26,-1.65,-10.01,15.592,15.521,14.591,122787.87,147643.8,103748.01,0.51
2016-01-06,15.5,16.96,16.48,15.5,201566.89,0.5,3.13,15.928,15.442,14.51,158958.85,150525.59,104072.69,2.69
2016-01-05,13.74,15.98,15.98,13.48,178398.33,1.45,9.98,15.776,15.185,14.345,145098.52,135669.42,96573.52,2.38
2016-01-04,15.91,16.1,14.53,14.53,93030.95,-1.61,-9.97,15.448,14.984,14.222,134589.75,124190.1,93068.48,1.24
2015-12-31,16.45,16.5,16.13,16.07,103023.9,-0.39,-2.36,15.588,14.916,14.159,146044.06,127552.11,95889.2,1.37
2015-12-30,16.11,16.98,16.52,15.8,218774.19,0.8,5.09,15.45,14.661,13.967,172499.73,122887.84,93885.37,2.92
2015-12-29,14.27,15.72,15.72,14.21,132265.25,1.43,10.01,14.956,14.35,13.729,142092.32,105114.13,85531.84,1.76
2015-12-28,15.29,15.29,14.34,14.19,125854.48,-0.88,-5.78,14.594,14.136,13.539,126240.33,96589.82,81043.37,1.68
2015-12-25,15.6,15.77,15.23,15.03,150302.47,-0.21,-1.36,14.52,14.069,13.423,113790.45,89436.95,77753.62,2.0
2015-12-24,14.09,15.44,15.44,14.09,235302.27,1.4,9.97,14.244,13.879,13.255,109060.15,79719.72,74605.71,3.14
2015-12-23,13.9,14.08,14.05,13.75,66737.13,0.15,1.08,13.872,13.66,13.141,73275.95,59852.23,65608.17,0.89
2015-12-22,14.01,14.09,13.91,13.75,53005.28,-0.05,-0.36,13.744,13.577,13.11,68135.94,57619.79,64988.58,0.71
2015-12-21,13.87,13.97,13.97,13.64,63605.11,0.15,1.08,13.678,13.505,13.086,66939.32,57477.62,64529.85,0.85
2015-12-18,13.56,14.36,13.85,13.42,126650.97,0.27,1.99,13.618,13.459,13.052,65083.45,61946.85,64003.3,1.69
2015-12-17,13.49,13.65,13.58,13.31,56381.28,0.17,1.27,13.514,13.402,13.033,50379.28,64226.3,60100.34,0.75
2015-12-16,13.7,13.7,13.41,13.37,41037.05,-0.15,-1.11,13.448,13.273,13.032,46428.5,64882.9,61122.61,0.55
2015-12-15,13.8,13.82,13.58,13.52,47022.17,-0.07,-0.51,13.41,13.108,13.033,47103.65,65949.55,62460.55,0.63
2015-12-14,13.13,13.7,13.67,13.06,54325.78,0.34,2.55,13.332,12.941,13.042,48015.93,65496.91,65310.42,0.72
2015-12-11,13.24,13.58,13.33,13.0,53130.14,0.09,0.68,13.3,12.776,13.056,58810.25,66070.28,66173.34,0.71
2015-12-10,13.18,13.49,13.25,13.14,36627.37,0.04,0.3,13.29,12.63,13.081,78073.32,69491.7,70704.05,0.49
2015-12-09,13.1,13.5,13.22,13.02,44412.79,0.02,0.15,13.098,12.621,13.128,83337.29,71364.1,78994.99,0.59
2015-12-08,13.39,13.55,13.19,13.08,51583.57,-0.32,-2.37,12.806,12.643,13.137,84795.45,72357.37,80949.29,0.69
2015-12-07,13.32,13.93,13.51,13.13,108297.38,0.23,1.73,12.55,12.666,13.139,82977.9,71582.08,85032.6,1.44
2015-12-04,12.2,13.53,13.28,12.12,149445.5,0.98,7.97,12.252,12.645,13.142,73330.31,66059.76,88779.32,1.99
2015-12-03,11.76,12.43,12.29,11.76,62947.2,0.53,4.51,11.97,12.664,13.172,60910.08,55974.39,85000.43,0.84
2015-12-02,11.89,11.9,11.76,11.2,51703.6,-0.16,-1.34,12.144,12.79,13.239,59390.92,57362.32,86089.76,0.69
2015-12-01,12.04,12.13,11.91,11.6,42495.81,-0.1,-0.83,12.48,12.958,13.332,59919.3,58971.55,87131.84,0.57
2015-11-30,11.99,12.19,12.02,11.0,60059.44,0.13,1.09,12.782,13.142,13.381,60186.26,65123.92,87924.58,0.8
2015-11-27,13.09,13.09,11.87,11.84,87344.33,-1.29,-9.8,13.038,13.335,13.44,58789.2,66276.41,87865.86,1.16
2015-11-26,13.52,13.52,13.16,13.13,55351.42,-0.31,-2.3,13.358,13.531,13.541,51038.7,71916.4,86565.22,0.74
2015-11-25,13.55,13.55,13.44,13.3,54345.49,0.02,0.15,13.436,13.634,13.58,55333.72,86625.87,87216.08,0.72
2015-11-24,13.35,13.48,13.42,13.19,43830.61,0.12,0.9,13.436,13.63,13.602,58023.8,89541.2,90086.78,0.58
2015-11-23,13.45,13.55,13.3,13.25,53074.15,-0.17,-1.26,13.502,13.612,13.669,70061.58,98483.12,96557.01,0.71
2015-11-20,13.44,13.61,13.47,13.35,48591.82,-0.07,-0.52,13.632,13.639,13.704,73763.61,111498.88,99020.91,0.65
2015-11-19,13.4,13.63,13.55,13.15,76826.54,0.11,0.82,13.704,13.679,13.743,92794.09,114026.47,103855.31,1.02
2015-11-18,13.7,13.92,13.44,13.38,67795.9,-0.31,-2.25,13.832,13.687,13.755,117918.02,114817.2,107154.09,0.9
2015-11-17,14.04,14.19,13.75,13.7,104019.5,-0.2,-1.43,13.824,13.706,13.713,121058.59,115292.14,112391.77,1.39
2015-11-16,13.4,14.17,13.95,13.4,71584.31,0.13,0.94,13.722,13.62,13.702,126904.65,110725.24,114575.97,0.95
2015-11-13,14.11,14.38,13.83,13.65,143744.22,-0.36,-2.54,13.646,13.545,13.656,149234.15,109455.31,119616.69,1.92
2015-11-12,13.44,14.5,14.19,13.27,202446.16,0.78,5.82,13.654,13.55,13.616,135258.85,101214.05,123069.13,2.7
2015-11-11,13.28,13.46,13.4,13.24,83498.77,0.15,1.13,13.542,13.526,13.525,111716.37,87806.28,117632.4,1.11
2015-11-10,13.56,13.74,13.24,13.22,133249.81,-0.31,-2.29,13.588,13.573,13.458,109525.68,90632.37,119020.44,1.78
2015-11-09,13.87,13.89,13.57,13.39,183231.77,-0.3,-2.16,13.518,13.726,13.417,94545.83,94630.91,119238.47,2.44
2015-11-06,13.63,13.98,13.87,13.6,73867.75,0.24,1.76,13.444,13.769,13.348,69676.47,86542.95,124077.51,0.99
2015-11-05,13.59,13.85,13.63,13.5,84733.76,-0.01,-0.07,13.446,13.807,13.264,67169.25,93684.15,123661.19,1.13
2015-11-04,13.2,13.69,13.63,13.07,72545.31,0.74,5.74,13.51,13.823,13.195,63896.19,99490.98,122978.82,0.97
2015-11-03,13.2,13.39,12.89,12.65,58350.54,-0.31,-2.35,13.558,13.719,13.092,71739.05,109491.4,121159.43,0.78
2015-11-02,13.6,13.79,13.2,13.08,58885.0,-0.69,-4.97,13.934,13.784,13.034,94715.99,118426.7,120891.4,0.79
2015-10-30,13.84,14.32,13.88,13.75,61331.66,-0.07,-0.5,14.094,13.767,12.957,103409.42,129778.07,119913.81,0.82
2015-10-29,14.02,14.25,13.95,13.76,68368.44,0.09,0.65,14.168,13.681,12.852,120199.05,144924.21,120663.4,0.91
2015-10-28,14.6,14.6,13.87,13.78,111759.62,-0.88,-5.97,14.136,13.523,12.755,135085.78,147458.52,121572.68,1.49
2015-10-27,13.81,15.0,14.77,13.55,173235.23,0.77,5.5,13.88,13.342,12.668,147243.75,147408.52,121973.35,2.31
2015-10-26,14.4,14.5,14.0,13.66,102352.15,-0.26,-1.82,13.634,13.107,12.517,142137.41,143846.03,118422.16,1.36
2015-10-23,13.81,14.51,14.25,13.81,145279.83,0.45,3.26,13.44,12.926,12.387,156146.72,161612.08,116682.93,1.94
2015-10-22,12.71,13.86,13.79,12.71,142802.05,1.19,9.44,13.194,12.721,12.226,169649.37,153638.23,112855.31,1.9
2015-10-21,13.83,14.2,12.59,12.26,172549.48,-0.95,-7.02,12.91,12.566,12.073,159831.26,146466.66,110881.06,2.3
2015-10-20,13.33,13.84,13.54,13.05,147703.55,0.51,3.91,12.804,12.464,11.978,147573.28,132827.46,105995.87,1.97
2015-10-19,13.02,13.53,13.03,12.76,172398.69,0.02,0.15,12.58,12.283,11.787,145554.64,123356.1,101791.51,2.3
2015-10-16,12.45,13.59,13.02,12.24,212793.08,0.64,5.17,12.412,12.146,11.664,167077.45,110049.55,99176.35,2.84
2015-10-15,11.95,12.4,12.37,11.95,93711.51,0.35,2.91,12.248,12.023,11.598,137627.08,96402.59,93038.17,1.25
2015-10-14,12.29,12.39,12.06,12.0,111259.58,-0.36,-2.9,12.222,11.987,11.516,133102.05,95686.84,91316.32,1.48
2015-10-13,12.0,12.45,12.42,11.9,137610.34,0.23,1.89,12.124,11.993,11.473,118081.64,96538.18,90505.18,1.84
2015-10-12,12.31,12.74,12.19,12.18,280012.72,-0.01,-0.08,11.986,11.927,11.375,101157.55,92998.3,86834.26,3.73
2015-10-09,12.26,12.38,12.2,12.0,65541.27,-0.05,-0.41,11.88,11.847,11.241,53021.65,71753.79,75265.44,0.87
2015-10-08,11.87,12.4,12.24,11.8,71086.34,0.66,5.7,11.798,11.731,11.084,55178.09,72072.39,74945.26,0.95
2015-09-30,11.75,11.87,11.57,11.4,36157.51,-0.15,-1.28,11.752,11.58,10.941,58271.62,75295.46,75788.56,0.48
2015-09-29,11.33,12.02,11.73,11.33,52989.92,0.08,0.69,11.862,11.492,10.877,74994.73,79164.28,78405.25,0.71
2015-09-28,11.75,11.82,11.66,11.3,39333.21,-0.14,-1.19,11.868,11.291,10.807,84839.04,80226.92,80259.96,0.52
2015-09-25,11.9,12.37,11.79,11.29,76323.45,-0.21,-1.75,11.814,11.182,10.692,90485.92,88303.14,81578.83,1.02
2015-09-24,12.22,12.38,12.01,11.68,86554.03,-0.11,-0.91,11.664,11.173,10.537,88966.7,89673.76,81489.31,1.15
2015-09-23,11.5,12.3,12.12,11.39,119773.05,0.36,3.06,11.408,11.044,10.409,92319.3,86945.8,79666.52,1.6
2015-09-22,11.39,11.91,11.76,11.2,102211.45,0.37,3.25,11.122,10.953,10.329,83333.82,84472.17,76833.87,1.36
2015-09-21,10.78,11.47,11.39,10.73,67567.62,0.34,3.08,10.714,10.823,10.325,75614.8,80670.22,76039.2,0.9
2015-09-18,10.96,11.17,11.04,10.53,68727.34,0.32,2.98,10.55,10.634,10.4,86120.37,78777.09,77361.59,0.92
2015-09-17,11.49,11.49,10.73,10.01,103317.05,0.04,0.37,10.682,10.437,10.537,90380.82,77818.14,81060.42,1.38
2015-09-16,9.9,10.69,10.69,9.9,74845.66,0.97,9.98,10.68,10.301,10.672,81572.3,76281.65,83651.2,1.0
2015-09-15,10.0,10.77,9.72,9.6,63616.31,-0.85,-8.04,10.784,10.262,10.884,85610.52,77646.23,87996.87,0.85
2015-09-14,11.9,11.99,10.57,10.57,120095.47,-1.17,-9.97,10.932,10.322,11.11,85725.64,80293.0,94897.63,1.6
2015-09-11,10.72,11.82,11.7,10.63,90029.6,0.93,8.63,10.718,10.202,11.311,71433.82,74854.52,100440.96,1.2
2015-09-10,11.09,11.39,10.72,10.68,59274.48,-0.47,-4.2,10.192,9.9,11.396,65255.45,73304.87,103985.62,0.79
2015-09-09,10.74,11.5,11.21,10.54,95036.73,0.75,7.17,9.922,9.774,11.526,70990.99,72387.23,109808.25,1.27
2015-09-08,9.5,10.46,10.46,9.5,64191.91,0.95,9.99,9.74,9.704,11.606,69681.94,69195.57,112276.15,0.86
2015-09-07,9.21,9.88,9.5,9.21,48636.37,0.48,5.32,9.712,9.827,11.689,74860.36,71408.18,114569.77,0.65
2015-09-02,8.75,10.0,9.07,8.6,59137.78,-0.33,-3.51,9.686,10.165,11.788,78275.23,75946.08,116056.76,0.79
2015-09-01,10.28,10.6,9.37,9.36,87952.17,-0.91,-8.85,9.608,10.637,11.93,81354.28,84302.71,119982.75,1.17
2015-08-31,10.35,10.95,10.3,10.04,88491.46,-0.01,-0.1,9.626,11.043,12.064,73783.47,91020.75,121984.14,1.18
2015-08-28,9.6,10.32,10.32,9.41,90084.04,0.94,10.02,9.668,11.505,12.096,68709.2,98347.51,121716.56,1.2
2015-08-27,9.0,9.5,9.37,8.4,65710.71,0.69,7.95,9.942,11.898,12.189,67956.0,109502.26,124102.1,0.88
2015-08-26,9.52,9.88,8.68,8.55,74533.01,-0.78,-8.24,10.644,12.419,12.335,73616.93,126027.39,131137.09,0.99
2015-08-25,9.46,9.86,9.46,9.46,50098.12,-1.05,-9.99,11.666,12.891,12.526,87251.14,134666.37,138535.19,0.67
2015-08-24,10.63,11.19,10.51,10.51,63120.13,-1.17,-10.02,12.46,13.278,12.652,108258.03,147229.27,147340.97,0.84
2015-08-21,12.66,12.87,11.69,11.6,86318.01,-1.18,-9.17,13.342,13.507,12.678,127985.81,155356.74,158299.63,1.15
2015-08-20,13.5,14.05,12.88,12.81,94015.36,-0.9,-6.53,13.854,13.551,12.663,151048.52,157731.37,162153.29,1.25
2015-08-19,12.8,13.95,13.79,12.09,142704.09,0.36,2.68,14.194,13.411,12.592,178437.86,156167.45,164613.72,1.9
2015-08-18,15.0,15.1,13.43,13.43,155132.55,-1.49,-9.99,14.116,13.222,12.452,182081.59,155662.78,163258.89,2.07
2015-08-17,14.2,14.93,14.92,14.01,161759.06,0.67,4.7,14.096,13.084,12.316,186200.51,152947.52,161129.71,2.16
2015-08-14,14.85,14.99,14.25,13.96,201631.53,-0.34,-2.33,13.672,12.687,12.095,182727.66,145085.61,158884.55,2.69
2015-08-13,13.56,14.64,14.58,13.33,230962.05,1.17,8.72,13.248,12.48,11.893,164414.22,138701.94,153733.22,3.08
2015-08-12,13.06,13.93,13.4,12.98,160922.78,0.08,0.6,12.628,12.25,11.638,133897.03,136246.8,147247.04,2.15
2015-08-11,12.6,13.98,13.33,12.58,175727.14,0.54,4.22,12.328,12.16,11.445,129243.97,142404.02,144680.98,2.34
2015-08-10,12.33,13.0,12.8,12.15,144394.81,0.66,5.44,12.072,12.026,11.309,119694.54,147452.67,144977.47,1.93
2015-08-07,11.55,12.16,12.13,11.55,110064.32,0.64,5.57,11.702,11.849,11.199,107443.57,161242.52,143942.11,1.47
2015-08-06,11.33,11.88,11.48,11.31,78376.12,-0.41,-3.45,11.712,11.775,11.074,112989.66,166575.21,141826.97,1.05
2015-08-05,12.4,12.5,11.9,11.56,137657.45,-0.15,-1.25,11.872,11.772,10.938,138596.56,173059.99,141662.73,1.84
2015-08-04,10.8,12.05,12.05,10.7,127979.98,1.1,10.05,11.992,11.681,10.741,155564.07,170855.01,149492.97,1.71
2015-08-03,12.05,12.05,10.95,10.95,83139.96,-1.22,-10.03,11.98,11.548,10.551,175210.81,169311.89,147939.09,1.11
2015-07-31,12.0,12.74,12.18,11.5,137794.81,-0.09,-0.73,11.996,11.503,10.46,215041.47,172683.49,151257.15,1.84
2015-07-30,12.35,13.09,12.28,12.1,206410.59,-0.24,-1.92,11.838,11.305,10.346,220160.76,168764.5,149867.83,2.75
2015-07-29,12.39,12.98,12.5,11.5,222495.02,0.52,4.34,11.672,11.026,10.282,207523.43,158247.28,145935.82,2.97
2015-07-28,10.78,12.01,11.99,10.33,226213.69,0.98,8.9,11.37,10.73,10.268,186145.94,146957.93,140937.62,3.02
2015-07-27,11.12,12.47,11.03,11.0,282293.25,-0.35,-3.08,11.116,10.591,10.348,163412.97,142502.27,138402.87,3.76
2015-07-24,11.48,11.7,11.39,11.12,163391.23,-0.05,-0.44,11.01,10.548,10.446,130325.5,126641.71,131200.29,2.18
2015-07-23,10.9,11.67,11.45,10.85,143223.95,0.48,4.38,10.772,10.373,10.599,117368.24,117078.73,129334.7,1.91
2015-07-22,10.55,11.12,10.99,10.36,115607.58,0.28,2.61,10.38,10.104,10.827,108971.13,110265.46,129230.57,1.54
2015-07-21,10.2,10.92,10.72,10.06,112548.86,0.22,2.1,10.09,9.801,11.15,107769.92,128130.94,131363.15,1.5
2015-07-20,10.18,10.67,10.5,9.91,116855.88,0.35,3.45,10.066,9.553,11.425,121591.56,126566.29,132159.9,1.56
2015-07-17,9.55,10.35,10.2,9.55,98604.92,0.7,7.37,10.086,9.416,11.703,122957.92,129830.82,133255.63,1.32
2015-07-16,9.54,9.98,9.49,8.82,101238.41,-0.05,-0.52,9.974,9.386,12.083,116789.22,130971.17,140906.7,1.35
2015-07-15,10.2,10.47,9.54,9.54,109601.55,-1.06,-10.0,9.828,9.537,12.555,111559.78,133624.36,146984.26,1.46
2015-07-14,10.98,11.4,10.6,10.3,181657.05,0.0,0.0,9.512,9.805,12.938,148491.96,134917.31,147765.92,2.42
2015-07-13,10.41,10.6,10.6,10.0,123687.65,0.96,9.96,9.04,10.104,13.266,131541.03,134303.47,147863.09,1.65
2015-07-10,9.24,9.64,9.64,9.0,67761.43,0.88,10.05,8.746,10.344,13.641,136703.73,135758.88,153217.72,0.9
2015-07-09,7.96,8.76,8.76,7.96,75091.24,0.8,10.05,8.798,10.824,14.075,145153.11,141590.66,161615.11,1.0
2015-07-08,7.42,8.28,7.96,7.42,294262.44,-0.28,-3.4,9.246,11.55,14.514,155688.94,148195.68,168698.02,3.92
2015-07-07,8.27,8.7,8.24,8.24,96902.38,-0.92,-10.04,10.098,12.498,15.004,121342.65,134595.35,166915.44,1.29
2015-07-06,10.88,10.88,9.13,8.91,149501.16,-0.77,-7.78,11.168,13.296,15.456,137065.91,137753.51,179082.58,1.99
2015-07-03,10.27,10.99,9.9,9.9,110008.34,-1.1,-10.0,11.942,13.989,15.848,134814.03,136680.43,186038.28,1.47
2015-07-02,12.1,12.4,11.0,11.0,127770.4,-1.22,-9.98,12.85,14.78,16.124,138028.21,150842.24,187981.33,1.7
2015-07-01,13.01,13.79,12.22,12.22,122530.97,-1.36,-10.02,13.854,15.572,16.366,140702.42,160344.15,191836.87,1.63
2015-06-30,12.5,13.75,13.59,11.7,175518.66,0.59,4.54,14.898,16.071,16.531,147848.05,160614.54,194482.9,2.34
2015-06-29,14.95,14.96,13.0,13.0,138241.77,-1.44,-9.97,15.424,16.427,16.587,138441.12,161422.72,192757.81,1.84
2015-06-26,15.46,15.46,14.44,14.44,126079.27,-1.6,-9.97,16.036,16.937,16.646,138546.83,170676.56,195212.09,1.68
2015-06-25,17.44,17.46,16.02,15.72,141141.45,-1.42,-8.14,16.71,17.325,16.654,163656.26,181639.55,200046.63,1.88
2015-06-24,16.5,17.6,17.44,16.25,158259.09,1.24,7.65,17.29,17.477,16.635,179985.87,189200.36,200759.91,2.11
2015-06-23,16.06,16.4,16.22,14.48,128484.03,0.16,1.0,17.244,17.509,16.556,173381.03,199235.54,202627.58,1.71
2015-06-19,17.11,17.58,16.06,16.06,138770.3,-1.78,-9.98,17.43,17.615,16.533,184404.31,220411.64,208386.06,1.85
2015-06-18,19.5,19.75,17.81,17.79,251626.45,-1.11,-5.87,17.838,17.706,16.467,202806.3,235396.14,210913.51,3.36
2015-06-17,17.1,18.92,18.92,17.01,222789.47,1.72,10.0,17.94,17.468,16.306,199622.84,225120.42,207078.96,2.97
2015-06-16,16.98,17.24,17.21,16.3,125234.88,0.06,0.35,17.664,17.16,16.066,198414.85,223329.59,204723.78,1.67
2015-06-15,17.8,18.16,17.15,17.06,183600.45,-0.95,-5.25,17.774,16.991,15.899,225090.05,228351.26,203642.6,2.45
2015-06-12,18.31,18.93,18.1,18.08,230780.23,-0.22,-1.2,17.8,16.747,15.723,256418.97,224092.91,200182.34,3.08
2015-06-11,17.3,18.7,18.32,17.2,235709.19,0.78,4.45,17.574,16.354,15.524,267985.99,219747.62,196651.79,3.14
2015-06-10,17.5,18.18,17.54,16.8,216749.48,-0.22,-1.24,16.996,15.982,15.297,250618.0,218453.71,188678.4,2.89
2015-06-09,17.26,18.58,17.76,16.5,258610.89,0.48,2.78,16.656,15.792,15.106,248244.33,212319.47,183078.41,3.45
2015-06-08,17.02,17.9,17.28,16.51,340245.06,0.31,1.83,16.208,15.603,14.902,231612.46,206019.63,175177.29,4.54
2015-06-05,15.62,16.97,16.97,15.41,288615.31,1.54,9.98,15.694,15.451,14.715,191766.86,196360.48,162691.58,3.85
2015-06-04,15.72,15.75,15.43,14.48,148869.28,-0.41,-2.59,15.134,15.228,14.518,171509.26,186430.88,152734.06,1.99
2015-06-03,15.53,16.14,15.84,14.96,204881.12,0.32,2.06,14.968,15.144,14.382,186289.42,189037.49,150044.01,2.73
2015-06-02,14.74,15.58,15.52,14.55,175451.55,0.81,5.51,14.928,14.971,14.249,176394.61,186117.98,144189.32,2.34
2015-06-01,14.12,14.78,14.71,14.12,141017.02,0.54,3.81,14.998,14.806,14.153,180426.8,178933.94,141143.02,1.88
2015-05-29,14.58,14.9,14.17,13.6,187327.31,-0.43,-2.94,15.208,14.698,14.135,200954.1,176271.76,140870.33,2.5
2015-05-28,15.63,16.29,14.6,14.44,222770.12,-1.04,-6.65,15.322,14.693,14.167,201352.5,173555.96,145564.53,2.97
2015-05-27,15.8,16.0,15.64,15.4,155407.06,-0.23,-1.45,15.32,14.611,14.17,191785.55,158903.1,144389.09,2.07
2015-05-26,15.87,16.0,15.87,15.42,195612.48,0.11,0.7,15.014,14.42,14.13,195841.35,153837.36,151593.81,2.61
2015-05-25,14.64,16.15,15.76,14.5,243653.55,1.02,6.92,14.614,14.2,14.043,177441.08,144334.95,150302.45,3.25
2015-05-22,14.75,14.87,14.74,14.26,189319.27,0.15,1.03,14.188,13.978,13.957,151589.42,129022.69,146873.57,2.52
2015-05-21,14.0,14.6,14.59,13.74,174935.38,0.48,3.4,14.064,13.807,13.945,145759.42,119037.24,149918.4,2.33
2015-05-20,14.0,14.55,14.11,13.93,175686.05,0.24,1.73,13.902,13.619,13.92,126020.64,111050.54,150551.13,2.34
2015-05-19,13.64,13.91,13.87,13.52,103611.16,0.24,1.76,13.826,13.527,13.887,111833.37,102260.67,149106.98,1.38
2015-05-18,14.02,14.05,13.63,13.5,114395.26,-0.49,-3.47,13.786,13.499,13.843,111228.83,103352.09,152089.78,1.53
2015-05-15,13.79,14.37,14.12,13.58,160169.27,0.34,2.47,13.768,13.571,13.832,106455.95,105468.89,152022.54,2.14
2015-05-14,13.55,14.05,13.78,13.55,76241.47,0.05,0.36,13.55,13.641,13.792,92315.06,117573.11,148633.39,1.02
2015-05-13,13.69,14.09,13.73,13.5,104749.69,0.06,0.44,13.336,13.728,13.769,96080.44,129875.09,152022.71,1.4
2015-05-12,13.54,13.75,13.67,13.48,100588.45,0.13,0.96,13.228,13.839,13.792,92687.97,149350.27,154854.66,1.34
2015-05-11,13.11,13.56,13.54,13.03,90530.86,0.51,3.91,13.212,13.886,13.847,95475.36,156269.94,157576.04,1.21
2015-05-08,12.9,13.12,13.03,12.56,89464.84,0.32,2.52,13.374,13.936,13.894,104481.84,164724.45,164419.88,1.19
2015-05-07,13.19,13.4,12.71,12.69,95068.38,-0.48,-3.64,13.732,14.082,13.966,142831.15,180799.55,174446.39,1.27
2015-05-06,13.5,13.91,13.19,13.0,87787.31,-0.4,-2.94,14.12,14.22,13.988,163669.73,190051.72,181895.16,1.17
2015-05-05,14.4,14.52,13.59,13.2,114525.4,-0.76,-5.3,14.45,14.247,13.959,206012.57,195953.3,183947.41,1.53
2015-05-04,14.84,14.97,14.35,14.12,135563.25,-0.47,-3.17,14.56,14.186,13.908,217064.53,200827.47,186432.13,1.81
2015-04-30,15.7,15.7,14.82,14.65,281211.41,0.17,1.16,14.498,14.093,13.814,224967.07,198576.19,190344.81,3.75
2015-04-29,14.08,14.95,14.65,14.07,199261.3,-0.19,-1.28,14.432,13.943,13.683,218767.95,179693.66,186819.31,2.66
2015-04-28,14.09,14.96,14.84,14.0,299501.5,0.7,4.95,14.32,13.809,13.539,216433.7,174170.34,185113.21,3.99
2015-04-27,14.05,14.54,14.14,13.97,169785.19,0.1,0.71,14.044,13.745,13.47,185894.02,160359.06,179092.78,2.26
2015-04-24,14.2,14.34,14.04,13.8,175075.94,-0.45,-3.11,13.812,13.808,13.433,184590.41,158882.14,179609.87,2.33
2015-04-23,14.09,14.85,14.49,13.77,250215.84,0.4,2.84,13.688,13.851,13.397,172185.3,164115.32,179876.57,3.34
2015-04-22,13.56,14.18,14.09,13.42,187590.03,0.63,4.68,13.454,13.849,13.329,140619.38,168093.24,175480.36,2.5
2015-04-21,13.05,13.52,13.46,13.01,146803.09,0.48,3.7,13.298,13.755,13.278,131906.97,173738.61,174673.05,1.96
2015-04-20,13.15,13.82,12.98,12.8,163267.16,-0.44,-3.28,13.446,13.67,13.265,134824.1,171941.53,176663.77,2.18
2015-04-17,13.32,13.66,13.42,13.28,113050.4,0.1,0.75,13.804,13.63,13.287,133173.86,172036.79,177694.27,1.51
2015-04-16,13.2,13.57,13.32,12.9,92386.2,0.01,0.07,14.014,13.535,13.276,156045.33,182113.43,183081.26,1.23
2015-04-15,14.21,14.27,13.31,12.98,144028.02,-0.89,-6.27,14.244,13.423,13.272,195567.1,193944.96,191326.27,1.92
2015-04-14,14.71,14.71,14.2,14.01,161388.7,-0.57,-3.86,14.212,13.268,13.268,215570.25,196056.09,196056.09,2.15
2015-04-13,14.65,15.09,14.77,14.2,155015.98,0.3,2.07,13.894,13.164,13.164,209058.96,199908.03,199908.03,2.07
2015-04-10,14.46,14.98,14.47,14.1,227407.75,0.0,0.0,13.456,12.964,12.964,210899.73,205519.53,205519.53,3.03
2015-04-09,13.02,14.47,14.47,12.75,289995.03,1.32,10.04,13.056,12.749,12.749,208181.53,202392.64,202392.64,3.87
2015-04-08,12.61,13.78,13.15,12.43,244043.8,0.54,4.28,12.602,12.462,12.462,192322.83,187792.25,187792.25,3.25
2015-04-07,12.55,12.71,12.61,12.38,128832.26,0.03,0.24,12.324,12.324,12.324,176541.93,176541.93,176541.93,1.72
2015-04-03,12.4,12.84,12.58,12.21,164219.8,0.11,0.88,12.253,12.253,12.253,188469.35,188469.35,188469.35,2.19
2015-04-02,12.08,12.8,12.47,12.06,213816.75,0.27,2.21,12.143,12.143,12.143,196552.54,196552.54,196552.54,2.85
2015-04-01,11.68,12.47,12.2,11.65,210701.52,0.44,3.74,11.98,11.98,11.98,187920.43,187920.43,187920.43,2.81
2015-03-31,11.69,11.89,11.76,11.45,165139.34,0.14,1.21,11.76,11.76,11.76,165139.34,165139.34,165139.34,2.2
