date,open,high,close,low,volume,price_change,p_change,ma5,ma10,ma20,v_ma5,v_ma10,v_ma20,turnover
2018-03-29,6.25,6.27,6.22,6.13,37292.24,0.0,0.0,6.338,6.403,6.453,82651.45,55549.13,36396.91,0.97
2018-03-28,6.32,6.36,6.22,6.21,51838.34,-0.22,-3.42,6.402,6.415,6.462,83740.62,54164.21,35162.75,1.35
2018-03-27,6.23,6.53,6.44,6.12,89841.34,0.22,3.54,6.486,6.445,6.471,83683.52,50532.74,33197.98,2.34
2018-03-26,6.51,6.55,6.22,5.94,90721.42,-0.38,-5.76,6.478,6.464,6.468,68733.58,43116.71,29280.94,2.36
2018-03-23,6.48,6.88,6.59,6.48,143563.89,0.06,0.92,6.51,6.505,6.475,53420.2,35744.99,25613.15,3.74
2018-03-22,6.6,6.67,6.54,6.5,42738.12,-0.11,-1.65,6.468,6.502,6.457,28446.82,23502.33,18870.96,1.11
2018-03-21,6.4,6.7,6.64,6.36,51552.82,0.25,3.91,6.428,6.499,6.442,24587.8,20511.83,17223.27,1.34
2018-03-20,6.36,6.4,6.4,6.32,15091.67,0.04,0.63,6.404,6.481,6.419,17381.97,16718.6,15082.28,0.39
2018-03-19,6.31,6.43,6.38,6.31,14154.5,0.0,0.0,6.45,6.487,6.407,17499.84,16381.61,14812.79,0.37
2018-03-16,6.36,6.42,6.38,6.33,18697.0,0.04,0.63,6.5,6.492,6.396,18069.78,16547.23,14522.37,0.49
2018-03-15,6.5,6.52,6.34,6.3,23443.0,-0.17,-2.61,6.536,6.502,6.38,18557.83,17244.68,14616.82,0.61
2018-03-14,6.64,6.67,6.52,6.51,15523.68,-0.1,-1.51,6.57,6.509,6.376,16435.86,16161.28,14151.37,0.4
2018-03-13,6.63,6.74,6.63,6.6,15681.0,-0.01,-0.15,6.558,6.496,6.361,16055.22,15863.22,14799.73,0.41
2018-03-12,6.57,6.65,6.63,6.52,17004.24,0.06,0.91,6.524,6.472,6.335,15263.38,15445.18,17153.6,0.44
2018-03-09,6.49,6.6,6.56,6.46,21137.24,0.05,0.77,6.484,6.444,6.336,15024.68,15481.3,16913.66,0.55
2018-03-08,6.46,6.51,6.51,6.41,12833.13,0.05,0.77,6.468,6.412,6.344,15931.54,14239.59,16644.22,0.33
2018-03-07,6.49,6.53,6.46,6.45,13620.5,0.0,0.0,6.448,6.384,6.362,15886.71,13934.71,17209.53,0.35
2018-03-06,6.43,6.47,6.46,6.39,11721.79,0.03,0.47,6.434,6.357,6.396,15671.21,13445.96,17471.5,0.31
2018-03-05,6.48,6.5,6.43,6.38,15810.74,-0.06,-0.92,6.42,6.327,6.438,15626.97,13243.98,17368.13,0.41
2018-03-02,6.42,6.68,6.48,6.37,25671.52,0.06,0.94,6.404,6.3,6.481,15937.93,12497.5,17483.25,0.67
2018-03-01,6.42,6.46,6.41,6.37,12609.0,0.02,0.31,6.356,6.258,6.528,12547.64,11988.95,17271.54,0.33
2018-02-28,6.36,6.5,6.39,6.25,12543.0,0.0,0.0,6.32,6.243,6.586,11982.7,12141.45,18398.64,0.33
2018-02-27,6.35,6.4,6.39,6.33,11500.6,0.04,0.63,6.28,6.225,6.639,11220.7,13736.25,18517.13,0.3
2018-02-26,6.23,6.38,6.35,6.23,17365.51,0.11,1.76,6.234,6.198,6.692,10860.98,18862.01,18842.25,0.45
2018-02-23,6.23,6.27,6.24,6.21,8720.1,0.01,0.16,6.196,6.228,6.744,9057.08,18346.02,18832.59,0.23
2018-02-22,6.2,6.27,6.23,6.19,9784.31,0.05,0.81,6.16,6.276,6.801,11430.26,19048.86,19073.95,0.25
2018-02-14,6.12,6.21,6.19,6.12,8733.0,0.04,0.65,6.166,6.339,6.856,12300.2,20484.35,19230.06,0.23
2018-02-13,6.15,6.22,6.16,6.14,9702.0,0.01,0.16,6.17,6.434,6.916,16251.8,21497.05,19449.46,0.25
2018-02-12,6.06,6.17,6.16,6.06,8346.0,0.1,1.65,6.162,6.549,6.975,26863.04,21492.29,19704.97,0.22
2018-02-09,6.18,6.19,6.06,5.91,20586.0,-0.2,-3.19,6.26,6.661,7.031,27634.95,22468.99,20360.85,0.54
2018-02-08,6.2,6.26,6.26,6.1,14134.0,0.06,0.97,6.392,6.797,7.103,26667.45,22554.12,20347.27,0.37
2018-02-07,6.21,6.34,6.21,6.03,28491.0,0.01,0.16,6.512,6.928,7.16,28668.5,24655.82,20310.0,0.74
2018-02-06,6.63,6.98,6.12,5.99,62758.22,-0.54,-8.11,6.698,7.052,7.219,26742.29,23298.02,20301.15,1.63
2018-02-05,6.75,6.76,6.65,6.63,12205.53,-0.08,-1.19,6.936,7.186,7.294,16121.53,18822.49,18103.87,0.32
2018-02-02,6.8,6.85,6.72,6.61,15748.5,-0.14,-2.04,7.062,7.26,7.349,17303.03,19319.16,18722.22,0.41
2018-02-01,7.14,7.18,6.86,6.76,24139.27,-0.28,-3.92,7.202,7.325,7.4,18440.8,19099.05,19311.83,0.63
2018-01-31,7.3,7.3,7.14,7.1,18859.93,-0.17,-2.33,7.344,7.373,7.443,20643.13,17975.77,19121.01,0.49
2018-01-30,7.3,7.36,7.31,7.24,9654.43,0.03,0.41,7.406,7.398,7.474,19853.74,17401.87,19980.23,0.25
2018-01-29,7.42,7.42,7.28,7.24,18113.01,-0.14,-1.89,7.436,7.4,7.492,21523.45,17917.66,20203.72,0.47
2018-01-26,7.48,7.51,7.42,7.38,21437.35,-0.15,-1.98,7.458,7.401,7.509,21335.29,18252.71,20103.08,0.56
2018-01-25,7.52,7.62,7.57,7.47,35150.95,0.13,1.75,7.448,7.408,7.522,19757.31,18140.41,20248.13,0.92
2018-01-24,7.47,7.51,7.45,7.38,14912.98,-0.01,-0.13,7.402,7.392,7.524,15308.4,15964.18,19414.22,0.39
2018-01-23,7.35,7.51,7.46,7.34,18002.98,0.06,0.81,7.39,7.385,7.53,14950.0,17304.28,19469.12,0.47
2018-01-22,7.39,7.4,7.39,7.27,17172.19,0.01,0.14,7.364,7.401,7.54,14311.87,17385.24,19858.94,0.45
2018-01-19,7.31,7.42,7.37,7.31,13547.45,0.03,0.41,7.344,7.437,7.557,15170.12,18125.28,19802.59,0.35
2018-01-18,7.38,7.42,7.34,7.3,12906.4,-0.05,-0.68,7.368,7.475,7.575,16523.51,19524.61,20200.47,0.34
2018-01-17,7.34,7.44,7.39,7.25,13121.0,0.05,0.68,7.382,7.512,7.598,16619.96,20266.25,21080.14,0.34
2018-01-16,7.3,7.39,7.33,7.21,14812.29,0.03,0.41,7.38,7.55,7.621,19658.56,22558.58,22012.54,0.39
2018-01-15,7.52,7.64,7.29,7.29,21463.47,-0.21,-2.8,7.438,7.584,7.649,20458.62,22489.79,25058.02,0.56
2018-01-12,7.41,7.58,7.49,7.38,20314.37,0.08,1.08,7.53,7.616,7.691,21080.43,21953.45,29216.91,0.53
2018-01-11,7.35,7.49,7.41,7.35,13388.65,0.03,0.41,7.582,7.635,7.687,22525.71,22355.84,29097.34,0.35
2018-01-10,7.56,7.62,7.38,7.37,28314.0,-0.24,-3.15,7.642,7.656,7.682,23912.53,22864.27,28816.76,0.74
2018-01-09,7.7,7.74,7.62,7.61,18812.61,-0.12,-1.55,7.72,7.675,7.679,25458.6,21633.96,27761.67,0.49
2018-01-08,7.69,7.81,7.75,7.63,24572.54,0.0,0.0,7.73,7.679,7.667,24520.96,22332.64,27242.84,0.64
2018-01-05,7.73,7.88,7.75,7.72,27540.75,0.03,0.39,7.702,7.677,7.647,22826.47,21479.89,26472.51,0.72
2018-01-04,7.75,7.76,7.71,7.64,20322.77,-0.05,-0.64,7.688,7.674,7.627,22185.98,20876.33,25657.47,0.53
2018-01-03,7.72,7.92,7.77,7.72,36044.35,0.1,1.3,7.67,7.684,7.606,21816.01,21894.03,25145.43,0.94
2018-01-02,7.64,7.69,7.67,7.56,14124.37,0.05,0.66,7.63,7.692,7.582,17809.32,21466.49,24257.51,0.37
2017-12-29,7.64,7.68,7.61,7.54,16100.1,-0.07,-0.91,7.628,7.713,7.578,20144.33,27626.25,24162.25,0.42
2017-12-28,7.58,7.75,7.68,7.48,24338.29,0.06,0.79,7.652,7.766,7.587,20133.32,36480.37,23931.46,0.63
2017-12-27,7.57,7.71,7.62,7.57,18472.94,0.03,0.4,7.66,7.738,7.592,19566.68,35838.84,23097.44,0.48
2017-12-26,7.55,7.64,7.57,7.52,16010.9,-0.09,-1.18,7.698,7.707,7.604,21972.05,34769.24,22585.95,0.42
2017-12-25,7.65,7.74,7.66,7.48,25799.41,-0.07,-0.91,7.754,7.682,7.622,25123.66,33889.37,22070.68,0.67
2017-12-22,7.7,7.74,7.73,7.66,16045.05,0.03,0.39,7.798,7.655,7.631,35108.18,32153.03,21278.96,0.42
2017-12-21,7.72,7.81,7.72,7.65,21505.1,-0.08,-1.03,7.88,7.617,7.637,52827.43,31465.13,20836.51,0.56
2017-12-20,7.8,7.87,7.81,7.72,30499.81,-0.03,-0.38,7.816,7.579,7.641,52111.01,30438.62,20531.21,0.79
2017-12-19,7.8,7.92,7.85,7.75,31768.95,-0.04,-0.51,7.716,7.528,7.656,47566.43,28396.84,19662.02,0.83
2017-12-18,8.1,8.1,7.88,7.76,75721.99,-0.25,-3.08,7.61,7.471,7.667,42655.08,27048.54,18714.27,1.97
2017-12-15,7.33,8.14,8.14,7.29,104641.28,0.74,10.0,7.512,7.443,7.681,29197.88,20698.25,16140.83,2.72
2017-12-14,7.35,7.52,7.4,7.33,17923.01,0.09,1.23,7.354,7.407,7.687,10102.83,11382.55,12498.31,0.47
2017-12-13,7.28,7.36,7.31,7.24,7776.94,-0.01,-0.14,7.342,7.445,7.741,8766.22,10356.05,13448.32,0.2
2017-12-12,7.38,7.41,7.32,7.3,7212.19,-0.06,-0.81,7.34,7.501,7.809,9227.24,10402.66,14473.29,0.19
2017-12-11,7.35,7.4,7.39,7.3,8435.99,0.05,0.68,7.332,7.561,7.876,11441.99,10251.98,16137.7,0.22
2017-12-08,7.27,7.39,7.35,7.2,9166.0,0.02,0.27,7.374,7.607,7.938,12198.63,10404.89,16729.91,0.24
2017-12-07,7.31,7.4,7.34,7.27,11240.0,0.03,0.41,7.46,7.656,8.002,12662.27,10207.89,17720.26,0.29
2017-12-06,7.24,7.32,7.3,7.2,10082.01,0.02,0.28,7.548,7.703,8.063,11945.87,10623.79,18956.41,0.26
2017-12-05,7.6,7.64,7.28,7.2,18285.96,-0.32,-4.21,7.662,7.783,8.122,11578.08,10927.19,20331.51,0.48
2017-12-04,7.76,7.78,7.6,7.57,12219.16,-0.18,-2.31,7.79,7.862,8.195,9061.97,10380.01,21851.86,0.32
2017-12-01,7.8,7.86,7.78,7.75,11484.2,-0.02,-0.26,7.84,7.919,8.248,8611.16,11583.4,22435.15,0.3
2017-11-30,7.83,7.92,7.78,7.78,7658.0,-0.09,-1.14,7.852,7.967,8.287,7753.52,13614.08,24837.07,0.2
2017-11-29,7.98,7.98,7.87,7.83,8243.09,-0.05,-0.63,7.858,8.036,8.326,9301.72,16540.59,27241.63,0.21
2017-11-28,7.88,7.95,7.92,7.85,5705.42,0.07,0.89,7.904,8.116,8.367,10276.31,18543.92,29269.18,0.15
2017-11-27,7.84,7.96,7.85,7.74,9965.09,0.01,0.13,7.934,8.191,8.405,11698.04,22023.43,31228.88,0.26
2017-11-24,7.8,7.88,7.84,7.71,7196.01,0.03,0.38,7.998,8.269,8.441,14555.64,23054.92,33476.52,0.19
2017-11-23,8.18,8.18,7.81,7.81,15399.01,-0.29,-3.58,8.082,8.347,8.474,19474.64,25232.62,34753.9,0.4
2017-11-22,8.03,8.2,8.1,8.0,13116.01,0.03,0.37,8.214,8.422,8.515,23779.46,27289.03,37237.78,0.34
2017-11-21,8.11,8.2,8.07,8.04,12814.08,-0.1,-1.22,8.328,8.46,8.536,26811.53,29735.83,41425.78,0.33
2017-11-20,8.16,8.27,8.17,7.93,24253.11,-0.08,-0.97,8.448,8.527,8.54,32348.81,33323.72,41531.83,0.63
2017-11-17,8.41,8.42,8.26,8.14,31791.0,-0.22,-2.59,8.54,8.576,8.54,31554.19,33286.9,41961.92,0.83
2017-11-16,8.64,8.66,8.47,8.33,36923.1,-0.2,-2.31,8.612,8.606,8.536,30990.59,36060.06,42124.18,0.96
2017-11-15,8.68,8.76,8.67,8.62,28276.35,-0.01,-0.12,8.63,8.615,8.499,30798.59,37942.67,41228.03,0.74
2017-11-14,8.61,8.75,8.67,8.55,40500.51,0.05,0.58,8.592,8.617,8.461,32660.12,39994.44,40805.26,1.05
2017-11-13,8.57,8.68,8.63,8.49,20280.01,0.02,0.23,8.606,8.618,8.429,34298.62,40434.32,39534.94,0.53
2017-11-10,8.57,8.7,8.62,8.5,28973.0,0.05,0.58,8.612,8.612,8.403,35019.61,43898.11,39576.45,0.75
2017-11-09,8.52,8.61,8.56,8.41,35963.1,0.08,0.94,8.6,8.6,8.386,41129.53,44275.18,38853.73,0.94
2017-11-08,8.71,8.76,8.48,8.44,37584.0,-0.26,-2.98,8.6,8.607,8.372,45086.74,47186.54,38119.68,0.98
2017-11-07,8.66,8.77,8.74,8.61,48693.01,0.08,0.92,8.642,8.612,8.364,47328.76,53115.73,37594.48,1.27
2017-11-06,8.6,8.69,8.66,8.55,23884.95,0.1,1.17,8.63,8.552,8.342,46570.03,49739.93,36295.21,0.62
2017-11-03,8.55,8.73,8.56,8.45,59522.6,0.0,0.0,8.612,8.504,8.319,52776.61,50636.94,36260.46,1.55
2017-11-02,8.67,8.77,8.56,8.52,55749.16,-0.13,-1.5,8.6,8.465,8.3,47420.82,48188.3,34120.93,1.45
2017-11-01,8.67,8.74,8.69,8.56,48794.1,0.01,0.12,8.614,8.383,8.282,49286.33,44513.39,33083.25,1.27
2017-10-31,8.54,8.7,8.68,8.51,44899.32,0.11,1.28,8.582,8.304,8.27,58902.7,41616.08,31949.85,1.17
2017-10-30,8.5,8.62,8.57,8.23,54917.87,0.07,0.82,8.474,8.24,8.263,52909.84,38635.55,31631.31,1.43
2017-10-27,8.59,8.69,8.5,8.46,32743.66,-0.13,-1.51,8.396,8.194,8.251,48497.27,35254.79,29831.45,0.85
2017-10-26,8.45,8.64,8.63,8.35,65076.68,0.1,1.17,8.33,8.171,8.241,48955.78,33432.29,29131.86,1.69
2017-10-25,8.11,8.94,8.53,8.02,96875.99,0.39,4.79,8.152,8.137,8.226,39740.46,29052.82,27590.71,2.52
2017-10-24,8.25,8.25,8.14,8.1,14935.0,-0.04,-0.49,8.026,8.116,8.227,24329.46,22073.22,23577.04,0.39
2017-10-23,8.12,8.23,8.18,8.02,32855.01,0.01,0.12,8.006,8.132,8.247,24361.26,22850.48,23929.47,0.86
2017-10-20,7.75,8.19,8.17,7.7,35036.2,0.43,5.56,7.992,8.134,8.273,22012.32,21883.98,23176.87,0.91
2017-10-19,7.92,7.96,7.74,7.73,19000.1,-0.16,-2.02,8.012,8.135,8.301,17908.8,20053.56,23264.21,0.49
2017-10-18,8.09,8.09,7.9,7.89,19821.0,-0.14,-1.74,8.122,8.18,8.353,18365.18,21653.1,24913.5,0.52
2017-10-17,8.03,8.14,8.04,8.0,15094.0,-0.07,-0.86,8.206,8.235,8.387,19816.98,22283.62,25628.2,0.39
2017-10-16,8.28,8.35,8.11,8.04,21110.3,-0.16,-1.94,8.258,8.286,8.407,21339.7,24627.07,26744.8,0.55
2017-10-13,8.29,8.32,8.27,8.23,14518.61,-0.02,-0.24,8.276,8.307,8.428,21755.64,24408.1,27353.41,0.38
2017-10-12,8.3,8.38,8.29,8.2,21282.0,-0.03,-0.36,8.258,8.311,8.447,22198.31,24831.44,27859.3,0.55
2017-10-11,8.27,8.41,8.32,8.25,27080.0,0.02,0.24,8.238,8.314,8.463,24941.01,26128.61,28305.72,0.71
2017-10-10,8.22,8.32,8.3,8.18,22707.61,0.1,1.22,8.264,8.337,8.482,24750.25,25080.86,29207.45,0.59
2017-10-09,8.24,8.31,8.2,8.14,23190.0,0.02,0.24,8.314,8.361,8.509,27914.43,25008.45,29715.92,0.6
2017-09-29,8.15,8.27,8.18,8.15,16731.96,-0.01,-0.12,8.338,8.412,8.547,27060.55,24469.76,31039.68,0.44
2017-09-28,8.45,8.47,8.19,8.18,34995.5,-0.26,-3.08,8.364,8.467,8.582,27464.56,26474.86,32853.96,0.91
2017-09-27,8.51,8.61,8.45,8.42,26126.2,-0.1,-1.17,8.39,8.525,8.607,27316.2,28173.91,32465.14,0.68
2017-09-26,8.37,8.58,8.55,8.33,38528.5,0.23,2.76,8.41,8.539,8.619,25411.46,28972.79,32545.4,1.0
2017-09-25,8.3,8.42,8.32,8.29,18920.61,0.01,0.12,8.408,8.528,8.628,22102.46,28862.54,32259.55,0.49
2017-09-22,8.31,8.4,8.31,8.29,18752.0,-0.01,-0.12,8.486,8.549,8.646,21878.96,30298.73,33527.06,0.49
2017-09-21,8.53,8.53,8.32,8.3,34253.7,-0.23,-2.69,8.57,8.582,8.664,25485.16,30887.15,34310.58,0.89
2017-09-20,8.54,8.62,8.55,8.48,16602.5,0.01,0.12,8.66,8.611,8.68,29031.62,30482.83,34888.64,0.43
2017-09-19,8.68,8.7,8.54,8.52,21983.51,-0.17,-1.95,8.668,8.627,8.701,32534.12,33334.04,36669.32,0.57
2017-09-18,8.66,8.76,8.71,8.66,17803.09,-0.02,-0.23,8.648,8.656,8.726,35622.62,34423.4,42191.75,0.46
2017-09-15,8.79,8.84,8.73,8.66,36783.0,-0.04,-0.46,8.612,8.681,8.735,38718.5,37609.6,43948.26,0.96
2017-09-14,8.7,8.79,8.77,8.58,51985.98,0.18,2.1,8.594,8.696,8.746,36289.15,39233.06,49566.13,1.35
2017-09-13,8.44,8.62,8.59,8.4,34115.01,0.15,1.78,8.562,8.689,8.76,31934.05,36756.37,54964.32,0.89
2017-09-12,8.53,8.53,8.44,8.4,37426.01,-0.09,-1.05,8.586,8.699,8.774,34133.95,36118.02,58409.84,0.97
2017-09-11,8.6,8.6,8.53,8.45,33282.49,-0.11,-1.27,8.664,8.727,8.803,33224.18,35656.56,68227.58,0.87
2017-09-08,8.62,8.72,8.64,8.61,24636.25,0.03,0.35,8.75,8.742,8.814,36500.71,36755.38,74913.52,0.64
2017-09-07,8.68,8.74,8.61,8.6,30210.5,-0.1,-1.15,8.798,8.745,8.813,42176.98,37734.0,85923.53,0.79
2017-09-06,8.87,8.9,8.71,8.68,45114.51,-0.12,-1.36,8.816,8.748,8.801,41578.68,39294.45,92786.91,1.17
2017-09-05,8.96,9.0,8.83,8.81,32877.15,-0.13,-1.45,8.812,8.775,8.765,38102.08,40004.6,92307.07,0.86
2017-09-04,8.95,9.08,8.96,8.88,49665.14,0.08,0.9,8.79,8.796,8.724,38088.94,49960.1,92951.02,1.29
2017-09-01,8.68,8.91,8.88,8.68,53017.59,0.18,2.07,8.734,8.788,8.677,37010.05,50286.91,93724.38,1.38
2017-08-31,8.67,8.77,8.7,8.67,27219.0,0.01,0.12,8.692,8.795,8.631,33291.03,59899.19,94790.28,0.71
2017-08-30,8.72,8.74,8.69,8.65,27731.51,-0.03,-0.34,8.68,8.83,8.589,37010.23,73172.27,96513.26,0.72
2017-08-29,8.76,8.84,8.72,8.71,32811.47,0.04,0.46,8.738,8.849,8.547,41907.13,80701.67,100643.73,0.85
2017-08-28,8.7,8.76,8.68,8.65,44270.7,0.01,0.12,8.802,8.878,8.521,61831.26,100798.59,103808.5,1.15
2017-08-25,8.6,8.74,8.67,8.6,34422.46,0.03,0.35,8.842,8.885,8.507,63563.76,113071.66,104963.47,0.9
2017-08-24,8.92,8.93,8.64,8.62,45815.0,-0.28,-3.14,8.898,8.88,8.492,86507.36,134113.06,106096.77,1.19
2017-08-23,9.0,9.1,8.98,8.94,52216.01,-0.06,-0.66,8.98,8.853,8.482,109334.32,146279.37,111339.76,1.36
2017-08-22,8.81,9.23,9.04,8.66,132432.12,0.16,1.8,8.96,8.755,8.459,119496.21,144609.54,113345.48,3.45
2017-08-21,8.98,8.99,8.88,8.81,52933.23,-0.07,-0.78,8.954,8.652,8.444,139765.93,135941.94,116055.44,1.38
2017-08-18,8.96,9.34,8.95,8.87,149140.44,-0.1,-1.1,8.928,8.566,8.434,162579.55,137161.85,117534.52,3.88
2017-08-17,8.88,9.09,9.05,8.69,159949.8,0.17,1.91,8.862,8.467,8.422,181718.77,129681.37,117066.28,4.16
2017-08-16,8.93,9.03,8.88,8.81,103025.47,-0.13,-1.44,8.726,8.348,8.407,183224.42,119854.24,122691.69,2.68
2017-08-15,8.67,9.11,9.01,8.52,233780.7,0.26,2.97,8.55,8.244,8.382,169722.88,120585.79,127012.33,6.09
2017-08-14,8.45,8.87,8.75,8.4,167001.34,0.13,1.51,8.35,8.163,8.347,132117.96,106818.4,122891.36,4.35
2017-08-11,8.34,8.7,8.62,8.29,244836.52,0.25,2.99,8.204,8.129,8.324,111744.16,96855.28,122999.73,6.38
2017-08-10,8.03,8.4,8.37,7.93,167478.08,0.37,4.62,8.072,8.103,8.307,77643.97,78080.47,119933.3,4.36
2017-08-09,7.98,8.02,8.0,7.96,35517.74,-0.01,-0.12,7.97,8.11,8.294,56484.05,76400.14,117585.49,0.92
2017-08-08,7.97,8.08,8.01,7.96,45756.1,-0.01,-0.12,7.938,8.163,8.296,71448.7,82081.42,120752.07,1.19
2017-08-07,7.9,8.04,8.02,7.81,65132.34,0.06,0.75,7.976,8.235,8.3,81518.84,96168.94,123793.82,1.7
2017-08-04,7.87,8.04,7.96,7.81,74335.59,0.1,1.27,8.054,8.302,8.302,81966.4,97907.19,124894.89,1.94
2017-08-03,7.81,7.94,7.86,7.81,61678.49,0.02,0.26,8.134,8.376,8.307,78516.97,104451.18,126462.52,1.61
2017-08-02,8.14,8.19,7.84,7.8,110341.0,-0.36,-4.39,8.25,8.465,8.312,96316.24,125529.13,132031.51,2.87
2017-08-01,8.42,8.42,8.2,8.17,96106.77,-0.21,-2.5,8.388,8.519,8.31,92714.13,133438.88,131669.03,2.5
2017-07-31,8.35,8.42,8.41,8.3,67370.17,0.05,0.6,8.494,8.53,8.287,110819.05,138964.33,131466.77,1.75
2017-07-28,8.39,8.44,8.36,8.3,57088.41,-0.08,-0.95,8.55,8.519,8.258,113847.98,149144.18,133532.67,1.49
2017-07-27,8.5,8.67,8.44,8.23,150674.83,-0.09,-1.05,8.618,8.51,8.23,130385.4,161786.12,133408.52,3.92
2017-07-26,8.62,8.74,8.53,8.51,92330.46,-0.2,-2.29,8.68,8.477,8.2,154742.03,158770.84,131238.26,2.4
2017-07-25,8.95,8.95,8.73,8.47,186631.36,0.04,0.46,8.65,8.429,8.162,174163.63,159422.73,131454.0,4.86
2017-07-24,8.67,8.71,8.69,8.6,82514.82,-0.01,-0.12,8.566,8.364,8.115,167109.62,151418.69,126578.28,2.15
2017-07-21,8.65,8.78,8.7,8.61,139775.52,-0.05,-0.57,8.488,8.302,8.076,184440.39,151882.58,127476.82,3.64
2017-07-20,8.35,8.79,8.75,8.26,272458.0,0.37,4.42,8.402,8.237,8.031,193186.85,148473.85,124759.3,7.09
2017-07-19,8.25,8.43,8.38,8.18,189438.45,0.07,0.84,8.274,8.158,7.985,162799.65,138533.89,115714.15,4.93
2017-07-18,8.23,8.38,8.31,8.21,151361.3,0.01,0.12,8.208,8.1,7.96,144681.83,129899.17,113038.31,3.94
2017-07-17,8.22,8.41,8.3,8.0,169168.66,0.03,0.36,8.162,8.043,7.93,135727.77,123969.2,108844.55,4.4
2017-07-14,8.08,8.32,8.27,7.98,183507.84,0.16,1.97,8.116,7.997,7.901,119324.78,117921.17,104456.94,4.78
2017-07-13,8.03,8.12,8.11,7.97,120521.99,0.06,0.74,8.072,7.949,7.869,103760.85,105030.91,97310.35,3.14
2017-07-12,8.18,8.18,8.05,7.91,98849.38,-0.03,-0.37,8.042,7.922,7.843,114268.14,103705.67,93604.83,2.57
2017-07-11,8.08,8.23,8.08,8.01,106590.97,0.01,0.12,7.992,7.894,7.818,115116.51,103485.26,91281.6,2.78
2017-07-10,8.0,8.13,8.07,7.95,87153.72,0.02,0.25,7.924,7.865,7.799,112210.64,101737.86,89134.95,2.27
2017-07-07,7.92,8.14,8.05,7.89,105688.2,0.09,1.13,7.878,7.849,7.778,116517.55,103071.06,87815.06,2.75
2017-07-06,7.78,8.0,7.96,7.76,173058.44,0.16,2.05,7.826,7.824,7.764,106300.97,101044.76,87673.11,4.51
2017-07-05,7.7,7.82,7.8,7.66,103091.21,0.06,0.78,7.802,7.811,7.747,93143.2,92894.41,83329.87,2.68
2017-07-04,7.79,7.83,7.74,7.61,92061.61,-0.1,-1.28,7.796,7.819,7.733,91854.02,96177.46,82253.46,2.4
2017-07-03,7.77,7.86,7.84,7.66,108688.3,0.05,0.64,7.806,7.817,7.717,91265.09,93719.9,80537.24,2.83
2017-06-30,7.76,7.82,7.79,7.74,54605.3,-0.05,-0.64,7.82,7.805,7.698,89624.57,90992.72,79553.2,1.42
2017-06-29,7.85,7.86,7.84,7.71,107269.59,0.07,0.9,7.822,7.788,7.673,95788.54,89589.79,80075.57,2.79
2017-06-28,7.8,7.8,7.77,7.65,96645.3,-0.02,-0.26,7.82,7.763,7.645,92645.62,83503.99,77499.72,2.52
2017-06-27,7.87,7.89,7.79,7.74,89116.94,-0.12,-1.52,7.842,7.741,7.621,100500.9,79077.94,74750.53,2.32
2017-06-26,7.75,7.92,7.91,7.73,100485.7,0.11,1.41,7.828,7.732,7.591,96174.72,76532.04,72815.96,2.62
2017-06-23,7.87,7.87,7.8,7.59,85425.18,-0.03,-0.38,7.79,7.706,7.554,92360.87,72559.05,70672.12,2.22
2017-06-22,7.89,7.98,7.83,7.75,91555.0,-0.05,-0.64,7.754,7.704,7.515,83391.04,74301.47,68540.7,2.38
2017-06-21,7.7,7.93,7.88,7.68,135921.67,0.16,2.07,7.706,7.682,7.468,74362.35,73765.32,65947.22,3.54
2017-06-20,7.8,7.8,7.72,7.64,67486.04,0.0,0.0,7.64,7.647,7.426,57654.99,68329.46,61392.37,1.76
2017-06-19,7.6,7.73,7.72,7.49,81416.44,0.1,1.31,7.636,7.616,7.407,56889.37,67354.57,60012.03,2.12
2017-06-16,7.57,7.67,7.62,7.54,40576.03,0.03,0.4,7.622,7.591,7.392,52757.24,68113.67,59782.21,1.06
2017-06-15,7.51,7.61,7.59,7.48,46411.57,0.04,0.53,7.654,7.558,7.38,65211.89,70561.34,60923.55,1.21
2017-06-14,7.7,7.71,7.55,7.53,52384.87,-0.15,-1.95,7.658,7.527,7.365,73168.28,71495.45,61045.92,1.36
2017-06-13,7.59,7.72,7.7,7.58,63657.92,0.05,0.65,7.654,7.501,7.348,79003.93,70423.11,60501.17,1.66
2017-06-12,7.77,7.77,7.65,7.56,60755.8,-0.13,-1.67,7.596,7.45,7.319,77819.78,69099.89,58998.55,1.58
2017-06-09,7.54,7.99,7.78,7.52,102849.31,0.17,2.23,7.56,7.402,7.293,83470.11,68785.2,58358.15,2.68
2017-06-08,7.53,7.63,7.61,7.42,86193.52,0.08,1.06,7.462,7.325,7.264,75910.79,62779.94,54805.08,2.24
2017-06-07,7.42,7.6,7.53,7.38,81563.08,0.12,1.62,7.396,7.253,7.252,69822.61,58129.12,52008.78,2.12
2017-06-06,7.46,7.49,7.41,7.35,57737.19,-0.06,-0.8,7.348,7.205,7.24,61842.3,54455.27,49772.91,1.5
2017-06-05,7.27,7.48,7.47,7.18,89007.45,0.18,2.47,7.304,7.197,7.245,60379.99,52669.49,48843.49,2.32
2017-06-02,7.26,7.42,7.29,7.14,65052.72,0.01,0.14,7.244,7.192,7.254,54100.28,51450.75,47031.51,1.69
2017-06-01,7.26,7.41,7.28,7.17,55752.6,-0.01,-0.14,7.188,7.201,7.278,49649.08,51285.76,46033.17,1.45
2017-05-31,7.21,7.35,7.29,7.14,41661.53,0.1,1.39,7.11,7.203,7.308,46435.64,50596.4,45532.76,1.08
2017-05-26,7.16,7.26,7.19,7.12,50425.65,0.02,0.28,7.062,7.195,7.343,47068.25,50579.24,45928.21,1.31
2017-05-25,7.15,7.2,7.17,6.85,57608.92,0.16,2.28,7.09,7.188,7.383,44959.0,48897.21,45607.67,1.5
2017-05-24,6.86,7.03,7.01,6.69,42796.72,0.12,1.74,7.14,7.183,7.422,48801.22,47931.11,43990.57,1.11
2017-05-23,7.09,7.14,6.89,6.86,39685.37,-0.16,-2.27,7.214,7.203,7.469,52922.43,46830.22,43243.88,1.03
2017-05-22,7.24,7.3,7.05,7.04,44824.58,-0.28,-3.82,7.296,7.25,7.522,54757.16,45888.44,43992.26,1.17
2017-05-19,7.32,7.37,7.33,7.25,39879.39,-0.09,-1.21,7.328,7.275,7.585,54090.23,45090.55,43129.66,1.04
2017-05-18,7.54,7.64,7.42,7.41,76820.04,0.04,0.54,7.286,7.293,7.631,52835.42,45017.49,43978.12,2.0
2017-05-17,7.3,7.47,7.38,7.27,63402.75,0.08,1.1,7.226,7.315,7.684,47060.99,42612.27,44089.69,1.65
2017-05-16,7.22,7.33,7.3,7.07,48859.05,0.09,1.25,7.192,7.355,7.749,40738.01,40780.59,43226.55,1.27
2017-05-15,7.1,7.25,7.21,7.1,41489.9,0.09,1.26,7.204,7.412,7.822,37019.72,40469.12,45227.73,1.08
2017-05-12,7.13,7.15,7.12,7.04,33605.34,0.0,0.0,7.222,7.49,7.915,36090.88,41277.19,49325.76,0.88
2017-05-11,7.15,7.19,7.12,6.92,47947.91,-0.09,-1.25,7.3,7.577,8.005,37199.57,42318.13,50918.31,1.25
2017-05-10,7.34,7.39,7.21,7.21,31787.87,-0.15,-2.04,7.404,7.661,8.092,38163.54,40050.04,54745.07,0.83
2017-05-09,7.21,7.37,7.36,7.21,30267.6,0.06,0.82,7.518,7.735,8.19,40823.17,39657.53,59233.67,0.79
2017-05-08,7.53,7.53,7.3,7.3,36845.67,-0.21,-2.8,7.62,7.794,8.272,43918.52,42096.07,61916.93,0.96
2017-05-05,7.6,7.61,7.51,7.5,39148.81,-0.13,-1.7,7.758,7.894,8.367,46463.5,41168.77,68405.41,1.02
2017-05-04,7.73,7.75,7.64,7.58,52767.77,-0.14,-1.8,7.854,7.969,8.437,47436.69,42938.75,68234.11,1.37
2017-05-03,7.85,7.88,7.78,7.75,45086.0,-0.09,-1.14,7.918,8.052,8.502,41936.53,45567.12,68053.65,1.17
2017-05-02,7.92,7.93,7.87,7.81,45744.34,-0.12,-1.5,7.952,8.143,8.552,38491.9,45672.51,68134.6,1.19
2017-04-28,7.85,8.03,7.99,7.78,49570.58,0.0,0.0,7.968,8.231,8.594,40273.63,49986.34,70064.77,1.29
2017-04-27,7.93,8.0,7.99,7.73,44014.74,0.03,0.38,8.03,8.34,8.642,35874.05,57374.33,73136.7,1.15
2017-04-26,7.95,7.99,7.96,7.88,25267.01,0.01,0.13,8.084,8.433,8.704,38440.81,59518.49,74932.85,0.66
2017-04-25,7.93,8.03,7.95,7.93,27862.83,0.0,0.0,8.186,8.523,8.779,49197.7,69440.1,78129.22,0.73
2017-04-24,8.28,8.28,7.95,7.92,54652.98,-0.35,-4.22,8.334,8.645,8.851,52853.11,78809.81,81678.84,1.42
2017-04-21,8.28,8.35,8.3,8.26,27572.67,0.04,0.48,8.494,8.75,8.928,59699.06,81737.78,86741.81,0.72
2017-04-20,8.41,8.51,8.26,8.22,56848.58,-0.21,-2.48,8.65,8.839,8.98,78874.6,95642.05,88941.16,1.48
2017-04-19,8.71,8.74,8.47,8.41,79051.43,-0.22,-2.53,8.782,8.905,9.031,80596.17,93529.47,87974.26,2.06
2017-04-18,8.73,8.79,8.69,8.68,46139.9,-0.06,-0.69,8.86,8.952,9.071,89682.5,90540.18,85976.23,1.2
2017-04-17,9.07,9.07,8.75,8.7,88882.71,-0.33,-3.63,8.956,8.961,9.1,104766.51,90596.7,86775.02,2.31
2017-04-14,8.96,9.18,9.08,8.88,123450.4,0.16,1.79,9.006,8.956,9.13,103776.5,90143.2,85730.19,3.21
2017-04-13,9.0,9.02,8.92,8.86,65456.4,0.06,0.68,9.028,8.943,9.141,112409.49,88899.08,81419.06,1.7
2017-04-12,9.28,9.34,8.86,8.84,124483.08,-0.31,-3.38,9.028,8.975,9.16,106462.78,90347.21,80508.19,3.24
2017-04-11,8.98,9.19,9.17,8.88,121559.96,0.17,1.89,9.044,9.034,9.184,91397.86,86818.34,78113.44,3.17
2017-04-10,9.1,9.11,9.0,8.93,83932.67,-0.19,-2.07,8.966,9.056,9.184,76426.89,84547.87,73770.72,2.19
2017-04-07,8.93,9.43,9.19,8.93,166615.36,0.27,3.03,8.906,9.105,9.193,76509.9,91745.83,72488.99,4.34
2017-04-06,8.96,8.96,8.92,8.89,35722.81,-0.02,-0.22,8.858,9.121,9.2,65388.67,82240.26,66286.24,0.93
2017-04-05,8.75,8.96,8.94,8.75,49158.48,0.16,1.82,8.922,9.156,9.224,74231.65,82419.04,67494.39,1.28
2017-03-31,8.7,8.78,8.78,8.65,46705.13,0.08,0.92,9.024,9.19,9.243,82238.81,81412.28,67721.11,1.22
2017-03-30,8.94,8.94,8.7,8.66,84347.7,-0.25,-2.79,9.146,9.239,9.263,92668.85,82953.34,68992.3,2.2
2017-03-29,9.23,9.27,8.95,8.94,111009.22,-0.29,-3.14,9.304,9.303,9.294,106981.77,81317.19,68297.98,2.89
2017-03-28,9.43,9.44,9.24,9.22,79937.72,-0.21,-2.22,9.384,9.338,9.319,99091.85,73939.04,66518.33,2.08
2017-03-27,9.4,9.47,9.45,9.32,89194.3,0.06,0.64,9.39,9.344,9.333,90606.43,70669.16,66134.5,2.32
2017-03-24,9.42,9.46,9.39,9.3,98855.32,-0.1,-1.05,9.356,9.334,9.334,80585.74,69408.55,67069.79,2.57
2017-03-23,9.32,9.54,9.49,9.28,155912.28,0.14,1.5,9.332,9.312,9.346,73237.83,62993.57,66410.82,4.06
2017-03-22,9.28,9.41,9.35,9.28,71559.65,0.08,0.86,9.302,9.28,9.355,55652.61,53232.15,62859.27,1.86
2017-03-21,9.27,9.32,9.27,9.22,37510.59,-0.01,-0.11,9.292,9.279,9.371,48786.23,50332.22,64866.41,0.98
2017-03-20,9.26,9.31,9.28,9.19,39090.87,0.01,0.11,9.298,9.292,9.397,50731.89,52569.75,73008.97,1.02
2017-03-17,9.36,9.42,9.27,9.26,62115.74,-0.07,-0.75,9.312,9.296,9.431,58231.36,54029.95,84609.94,1.62
2017-03-16,9.41,9.45,9.34,9.33,67986.19,0.04,0.43,9.292,9.287,9.463,52749.31,55031.27,91917.0,1.77
2017-03-15,9.26,9.33,9.3,9.23,37227.77,0.0,0.0,9.258,9.284,9.497,50811.7,55278.76,103850.63,0.97
2017-03-14,9.31,9.37,9.3,9.26,47238.87,-0.05,-0.54,9.266,9.299,9.516,51878.22,59097.61,114196.74,1.23
2017-03-13,9.13,9.37,9.35,9.13,76588.24,0.18,1.96,9.286,9.322,9.535,54407.6,61599.85,124417.73,1.99
2017-03-10,9.15,9.21,9.17,9.12,34705.5,0.0,0.0,9.28,9.334,9.525,49828.54,64731.03,123433.0,0.9
2017-03-09,9.36,9.37,9.17,9.14,58298.11,-0.17,-1.82,9.282,9.379,9.522,57313.23,69828.08,125161.3,1.52
2017-03-08,9.35,9.38,9.34,9.31,42560.36,-0.06,-0.64,9.31,9.429,9.524,59745.83,72486.38,125855.73,1.11
2017-03-07,9.31,9.41,9.4,9.28,59885.8,0.08,0.86,9.332,9.463,9.516,66317.01,79400.59,127146.94,1.56
2017-03-06,9.23,9.33,9.32,9.17,53692.93,0.14,1.52,9.358,9.501,9.506,68792.09,93448.2,129968.46,1.4
2017-03-03,9.3,9.3,9.18,9.11,72128.93,-0.13,-1.4,9.388,9.565,9.492,79633.53,115189.92,130270.08,1.88
2017-03-02,9.46,9.49,9.31,9.3,70461.11,-0.14,-1.48,9.476,9.639,9.482,82342.93,128802.73,131601.46,1.83
2017-03-01,9.49,9.51,9.45,9.41,75416.27,-0.08,-0.84,9.548,9.71,9.459,85226.93,152422.5,130575.49,1.96
2017-02-28,9.5,9.55,9.53,9.43,72261.22,0.06,0.63,9.594,9.733,9.43,92484.18,169295.87,129115.21,1.88
2017-02-27,9.63,9.67,9.47,9.45,107900.11,-0.15,-1.56,9.644,9.748,9.396,118104.31,187235.61,128035.2,2.81
2017-02-24,9.73,9.76,9.62,9.55,85675.94,-0.05,-0.52,9.742,9.716,9.367,150746.31,182134.96,126819.08,2.23
2017-02-23,9.64,9.75,9.67,9.62,84881.1,-0.01,-0.1,9.802,9.665,9.324,175262.52,180494.51,126461.13,2.21
2017-02-22,9.75,9.81,9.68,9.62,111702.53,-0.1,-1.02,9.872,9.618,9.274,219618.06,179225.09,125443.02,2.91
2017-02-21,9.89,9.89,9.78,9.7,200361.88,-0.18,-1.81,9.872,9.568,9.225,246107.56,174893.28,126991.96,5.22
2017-02-20,9.83,10.08,9.96,9.71,271110.12,0.04,0.4,9.852,9.511,9.182,256366.9,166488.72,128147.84,7.06
2017-02-17,9.93,10.0,9.92,9.73,208256.97,-0.1,-1.0,9.69,9.418,9.147,213523.6,145350.24,122168.55,5.42
2017-02-16,9.57,10.1,10.02,9.55,306658.81,0.34,3.51,9.528,9.325,9.154,185726.51,134400.19,116789.63,7.98
2017-02-15,9.53,9.89,9.68,9.42,244150.02,0.0,0.0,9.364,9.207,9.165,138832.11,108728.48,110567.05,6.36
2017-02-14,9.15,9.74,9.68,9.12,251658.59,0.53,5.79,9.264,9.126,9.185,103679.0,88934.54,102923.27,6.55
2017-02-13,9.09,9.18,9.15,9.08,56893.62,0.04,0.44,9.17,9.043,9.204,76610.55,68834.8,94729.88,1.48
2017-02-10,9.14,9.15,9.11,9.06,69271.49,-0.09,-0.98,9.146,9.018,9.253,77176.87,71503.21,97402.71,1.8
2017-02-09,9.24,9.25,9.2,9.17,72186.82,0.02,0.22,9.122,8.983,9.305,83073.88,72427.75,103604.28,1.88
2017-02-08,9.15,9.19,9.18,9.05,68384.47,-0.03,-0.33,9.05,8.93,9.357,78624.86,71660.96,117640.29,1.78
2017-02-07,9.11,9.33,9.21,9.08,116316.33,0.18,1.99,8.988,8.882,9.382,74190.08,79090.65,120452.41,3.03
2017-02-06,9.0,9.08,9.03,8.94,59725.25,0.04,0.45,8.916,8.853,9.388,61059.04,89806.95,117993.38,1.56
2017-02-03,8.94,9.09,8.99,8.88,98756.54,0.15,1.7,8.89,8.875,9.403,65829.54,98986.86,117370.62,2.57
2017-01-26,8.81,8.87,8.84,8.79,49941.71,-0.03,-0.34,8.844,8.983,9.418,61781.62,99179.06,114966.03,1.3
2017-01-25,8.81,8.88,8.87,8.8,46210.58,0.02,0.23,8.81,9.122,9.438,64697.06,112405.61,115249.35,1.2
2017-01-24,8.9,8.94,8.85,8.79,50661.14,-0.05,-0.56,8.776,9.243,9.46,83991.21,116912.01,115169.88,1.32
2017-01-23,8.79,8.97,8.9,8.77,83577.73,0.14,1.6,8.79,9.364,9.478,118554.85,120624.97,115615.52,2.18
2017-01-20,8.66,8.82,8.76,8.63,78516.94,0.09,1.04,8.86,9.488,9.498,132144.18,123302.21,114378.0,2.04
2017-01-19,8.56,8.77,8.67,8.55,64518.93,-0.03,-0.34,9.122,9.626,9.53,136576.51,134780.81,112947.55,1.68
2017-01-18,8.85,8.92,8.7,8.62,142681.31,-0.22,-2.47,9.434,9.784,9.57,160114.16,163619.61,112100.38,3.72
2017-01-17,8.36,9.03,8.92,8.36,223479.33,-0.33,-3.57,9.71,9.881,9.608,149832.8,161814.18,107893.4,5.82
2017-01-16,10.02,10.11,9.25,9.06,151524.41,-0.82,-8.14,9.938,9.923,9.641,122695.09,146179.82,99853.77,3.95
2017-01-13,10.2,10.3,10.07,9.93,100678.57,-0.16,-1.56,10.116,9.93,9.653,114460.23,135754.37,95651.95,2.62
2017-01-12,10.07,10.52,10.23,10.0,182207.19,0.15,1.49,10.13,9.853,9.626,132985.1,130752.99,94482.68,4.74
2017-01-11,10.0,10.24,10.08,9.82,91274.52,0.02,0.2,10.134,9.753,9.6,167125.06,118093.08,91005.94,2.38
2017-01-10,10.21,10.26,10.06,10.04,87790.78,-0.08,-0.79,10.052,9.677,9.572,173795.56,113427.75,91155.0,2.29
2017-01-09,10.09,10.3,10.14,9.98,110350.08,0.0,0.0,9.908,9.592,9.559,169664.54,110606.08,90991.99,2.87
2017-01-06,10.15,10.29,10.14,9.98,193302.94,-0.11,-1.07,9.744,9.508,9.568,157048.52,105453.8,87957.05,5.03
2017-01-05,10.0,10.56,10.25,9.83,352907.0,0.58,6.0,9.576,9.433,9.58,128520.89,91114.29,80738.29,9.19
2017-01-04,9.4,9.75,9.67,9.33,124627.01,0.33,3.53,9.372,9.356,9.584,69061.1,60581.14,65229.92,3.25
2017-01-03,9.28,9.36,9.34,9.22,67135.69,0.02,0.21,9.302,9.334,9.611,53059.94,53972.62,60998.48,1.75
2016-12-30,9.36,9.43,9.32,9.29,47269.94,0.02,0.21,9.276,9.359,9.656,51547.61,53527.72,60029.8,1.23
2016-12-29,9.31,9.34,9.3,9.24,50664.79,0.07,0.76,9.272,9.375,9.713,53859.08,55549.52,60934.17,1.32
2016-12-28,9.32,9.4,9.23,9.21,55608.09,-0.09,-0.97,9.29,9.398,9.772,53707.69,58212.36,61127.34,1.45
2016-12-27,9.18,9.34,9.32,9.15,44621.17,0.11,1.19,9.34,9.447,9.83,52101.18,63918.79,60954.15,1.16
2016-12-26,9.27,9.29,9.21,9.02,59574.06,-0.09,-0.97,9.366,9.466,9.892,54885.31,68882.25,62103.01,1.55
2016-12-23,9.4,9.48,9.3,9.28,58827.27,-0.09,-0.96,9.442,9.526,9.964,55507.82,71377.91,63206.31,1.53
2016-12-22,9.48,9.49,9.39,9.38,49907.88,-0.09,-0.95,9.478,9.628,10.023,57239.97,70460.3,64650.02,1.3
2016-12-21,9.41,9.5,9.48,9.4,47575.52,0.03,0.32,9.506,9.726,10.086,62717.03,70362.29,65689.85,1.24
2016-12-20,9.59,9.59,9.45,9.39,58541.8,-0.14,-1.46,9.554,9.811,10.149,75736.39,69878.7,67269.91,1.52
2016-12-19,9.5,9.63,9.59,9.45,62686.64,0.11,1.16,9.566,9.888,10.215,82879.19,68024.35,68607.54,1.63
2016-12-16,9.4,9.52,9.48,9.36,67488.0,-0.05,-0.53,9.61,9.952,10.268,87248.0,66531.88,72156.33,1.76
2016-12-15,9.47,9.57,9.53,9.41,77293.2,-0.19,-1.96,9.778,10.051,10.335,83680.62,66318.82,73663.91,2.01
2016-12-14,9.49,9.88,9.72,9.32,112672.33,0.21,2.21,9.946,10.146,10.408,78007.55,64042.31,74597.73,2.93
2016-12-13,9.84,9.89,9.51,9.24,94255.79,-0.3,-3.06,10.068,10.213,10.477,64021.01,57989.51,76792.34,2.45
2016-12-12,10.22,10.29,9.81,9.78,84530.69,-0.51,-4.94,10.21,10.317,10.568,53169.5,55323.78,81819.59,2.2
2016-12-09,10.35,10.46,10.32,10.22,49651.11,-0.05,-0.48,10.294,10.401,10.632,45815.77,55034.71,83683.4,1.29
2016-12-08,10.33,10.48,10.37,10.33,48927.83,0.04,0.39,10.324,10.418,10.675,48957.01,58839.75,89227.68,1.27
2016-12-07,10.22,10.33,10.33,10.15,42739.61,0.11,1.08,10.346,10.445,10.719,50077.08,61017.41,99856.77,1.11
2016-12-06,10.25,10.29,10.22,10.14,39998.27,-0.01,-0.1,10.358,10.487,10.787,51958.02,64661.13,119970.01,1.04
2016-12-05,10.48,10.48,10.23,10.0,47762.02,-0.24,-2.29,10.424,10.542,10.818,57478.06,69190.74,121906.85,1.24
2016-12-02,10.46,10.59,10.47,10.38,65357.31,-0.02,-0.19,10.508,10.584,10.85,64253.65,77780.78,124178.09,1.7
2016-12-01,10.31,10.52,10.48,10.31,54528.18,0.1,0.96,10.512,10.619,10.871,68722.49,81009.0,127122.41,1.42
2016-11-30,10.5,10.52,10.39,10.34,52144.33,-0.16,-1.52,10.544,10.67,10.904,71957.75,85153.15,134475.31,1.36
2016-11-29,10.6,10.65,10.55,10.48,67598.45,-0.1,-0.94,10.616,10.741,10.948,77364.24,95595.16,148395.69,1.76
2016-11-28,10.52,10.72,10.65,10.52,81639.96,0.16,1.52,10.66,10.818,10.952,80903.42,108315.4,149723.13,2.13
2016-11-25,10.58,10.62,10.49,10.32,87701.54,-0.15,-1.41,10.66,10.862,10.947,91307.92,112332.09,149439.81,2.28
2016-11-24,10.6,10.7,10.64,10.53,70704.46,-0.1,-0.93,10.726,10.931,10.945,93295.51,119615.6,148680.59,1.84
2016-11-23,10.78,10.9,10.75,10.71,79176.77,-0.02,-0.19,10.796,10.993,10.941,98348.54,138696.13,148258.06,2.06
2016-11-22,10.68,10.8,10.77,10.66,85294.39,0.13,1.22,10.866,11.086,10.939,113826.09,175278.89,149766.14,2.22
2016-11-21,10.78,10.81,10.65,10.57,133662.44,-0.17,-1.57,10.976,11.094,10.932,135727.37,174622.96,149162.58,3.48
2016-11-18,10.91,11.06,10.82,10.79,97639.48,-0.17,-1.55,11.064,11.115,10.926,133356.25,170575.39,145788.51,3.01
2016-11-17,11.11,11.13,10.99,10.96,95969.63,-0.1,-0.9,11.136,11.123,10.906,145935.7,173235.83,143602.02,2.96
2016-11-16,11.27,11.28,11.1,11.02,156564.52,-0.23,-2.03,11.19,11.138,10.888,179043.71,183797.48,142142.82,4.83
2016-11-15,11.15,11.46,11.32,11.09,194800.78,0.23,2.07,11.306,11.154,10.863,236731.68,201196.21,137440.1,6.01
2016-11-14,10.95,11.13,11.09,10.87,121806.85,-0.09,-0.81,11.212,11.085,10.827,213518.56,191130.85,132052.76,3.76
2016-11-11,11.11,11.19,11.18,10.95,160536.72,-0.08,-0.71,11.166,11.032,10.802,207794.54,186547.53,131255.2,4.95
2016-11-10,11.12,11.35,11.26,11.11,261509.67,-0.43,-3.68,11.11,10.959,10.757,200535.96,177745.58,125109.18,8.07
2016-11-09,10.81,11.89,11.68,10.76,445004.38,0.83,7.65,11.086,10.889,10.713,188551.25,157820.0,114126.68,13.73
2016-11-08,10.74,10.86,10.85,10.7,78735.18,0.0,0.0,11.002,10.792,10.647,165660.73,124253.4,94097.16,2.43
2016-11-07,10.8,10.89,10.86,10.75,93186.74,-0.05,-0.46,10.958,10.77,10.627,168743.15,123702.19,93769.78,2.87
2016-11-04,11.08,11.09,10.9,10.9,124243.81,-0.26,-2.33,10.898,10.736,10.6,165300.52,121001.63,93266.42,3.83
2016-11-03,11.26,11.3,11.14,11.01,201586.12,-0.14,-1.24,10.808,10.689,10.567,154955.2,113968.22,88927.13,6.22
2016-11-02,10.74,11.45,11.26,10.74,330551.81,0.62,5.83,10.692,10.638,10.518,127088.75,100488.16,80522.06,10.2
2016-11-01,10.53,10.65,10.63,10.4,94147.26,0.08,0.76,10.582,10.571,10.462,82846.07,73683.99,65480.44,2.9
2016-10-31,10.55,10.68,10.56,10.51,75973.6,0.1,0.96,10.582,10.568,10.442,78661.23,72974.66,63164.89,2.34
2016-10-28,10.57,10.69,10.45,10.45,72517.22,-0.11,-1.04,10.574,10.571,10.421,76702.74,75962.87,62657.7,2.24
2016-10-27,10.6,10.63,10.56,10.49,62253.86,-0.14,-1.31,10.57,10.555,10.428,72981.24,72472.78,61466.73,1.92
2016-10-26,10.68,10.8,10.71,10.54,109338.42,0.07,0.66,10.584,10.536,10.438,73887.58,70433.36,62665.79,3.37
2016-10-25,10.49,10.68,10.63,10.45,73223.03,0.11,1.05,10.56,10.501,10.444,64521.9,63940.93,61580.22,2.26
2016-10-24,10.46,10.53,10.52,10.31,66181.17,0.1,0.96,10.554,10.483,10.443,67288.09,63837.38,60247.71,2.04
2016-10-21,10.6,10.61,10.43,10.35,53909.72,-0.2,-1.88,10.568,10.463,10.451,75222.99,65531.2,60997.57,1.66
2016-10-20,10.6,10.65,10.63,10.5,66785.55,0.04,0.38,10.54,10.445,10.468,71964.32,63886.04,62024.13,2.06
2016-10-19,10.6,10.66,10.59,10.51,62510.04,-0.01,-0.09,10.488,10.397,10.473,66979.15,60555.96,61044.42,1.93
2016-10-18,10.51,10.62,10.6,10.41,87053.97,0.01,0.09,10.442,10.353,10.48,63359.95,57276.9,63019.45,2.69
2016-10-17,10.29,10.7,10.59,10.23,105855.67,0.3,2.92,10.412,10.316,10.517,60386.67,53355.13,62188.75,3.27
2016-10-14,10.33,10.42,10.29,10.26,37616.38,-0.07,-0.68,10.358,10.27,10.565,55839.41,49352.53,61496.23,1.16
2016-10-13,10.4,10.45,10.37,10.35,41859.69,0.01,0.1,10.35,10.3,10.638,55807.75,50460.68,68328.74,1.29
2016-10-12,10.4,10.42,10.36,10.33,44414.05,-0.09,-0.86,10.306,10.339,10.693,54132.77,54898.21,69044.19,1.37
2016-10-11,10.25,10.49,10.45,10.22,72187.58,0.13,1.26,10.264,10.387,10.748,51193.84,59219.52,68938.4,2.23
2016-10-10,9.98,10.33,10.32,9.9,83119.37,0.06,0.58,10.22,10.402,10.795,46323.58,56658.05,68288.05,2.56
2016-09-30,10.16,10.27,10.25,10.1,37458.05,0.11,1.08,10.182,10.439,10.855,42865.64,56463.95,67817.57,1.16
2016-09-29,10.16,10.2,10.15,10.11,33484.82,0.01,0.1,10.25,10.491,10.916,45113.6,60162.22,68639.77,1.03
2016-09-28,10.18,10.2,10.15,10.11,29719.38,-0.07,-0.69,10.372,10.549,10.981,55663.64,61532.88,68970.53,0.92
2016-09-27,10.12,10.24,10.23,10.06,47836.28,0.12,1.19,10.51,10.606,11.044,67245.2,68762.0,70060.18,1.48
2016-09-26,10.53,10.57,10.13,10.08,65829.66,-0.45,-4.25,10.584,10.718,11.109,66992.51,71022.37,70057.46,2.03
2016-09-23,10.82,10.82,10.59,10.57,48697.87,-0.16,-1.49,10.696,10.86,11.178,70062.25,73639.93,69613.3,1.5
2016-09-22,11.02,11.07,10.76,10.72,86235.01,-0.07,-0.65,10.732,10.975,11.233,75210.84,86196.8,69573.31,2.66
2016-09-21,10.6,10.85,10.84,10.5,87627.19,0.24,2.26,10.726,11.046,11.287,67402.11,83190.17,68838.24,2.7
2016-09-20,10.66,10.73,10.6,10.56,46572.83,-0.08,-0.75,10.702,11.108,11.325,70278.8,78657.28,67775.56,1.44
2016-09-19,10.65,10.72,10.69,10.54,81178.37,-0.08,-0.74,10.852,11.188,11.386,75052.23,79918.06,69656.44,2.5
2016-09-14,10.55,10.92,10.77,10.38,74440.79,0.04,0.37,11.024,11.27,11.453,77217.6,79171.18,71261.04,2.3
2016-09-13,10.8,10.87,10.73,10.66,47191.37,0.01,0.09,11.218,11.341,11.517,97182.76,77117.31,73761.23,1.46
2016-09-12,11.19,11.19,10.72,10.71,102010.63,-0.62,-5.47,11.366,11.413,11.593,98978.23,76408.18,83106.23,3.15
2016-09-09,11.45,11.49,11.35,11.3,70440.0,-0.19,-1.65,11.514,11.482,11.646,87035.76,71358.36,83327.44,2.17
2016-09-08,11.66,11.67,11.55,11.45,92005.19,-0.19,-1.62,11.524,11.5,11.662,84783.89,69092.54,83103.5,2.84
2016-09-07,11.65,11.99,11.74,11.65,174266.59,0.27,2.35,11.516,11.495,11.669,81124.77,65586.68,85545.91,5.38
2016-09-06,11.46,11.48,11.47,11.23,56168.76,0.01,0.09,11.464,11.491,11.684,57051.87,52949.81,87491.53,1.73
2016-09-05,11.6,11.64,11.46,11.41,42298.24,0.07,0.61,11.46,11.527,11.678,53838.13,54486.3,88567.59,1.3
2016-09-02,11.54,11.65,11.4,11.37,59180.68,-0.12,-1.04,11.45,11.541,11.667,55680.97,56893.85,93127.65,1.83
2016-09-01,11.4,11.67,11.51,11.4,73709.59,0.02,0.17,11.476,11.583,11.681,53401.19,59394.82,94281.31,2.27
2016-08-31,11.41,11.53,11.48,11.35,53902.06,0.04,0.35,11.474,11.635,11.695,50048.59,63350.9,97040.74,1.66
2016-08-30,11.45,11.54,11.45,11.41,40100.1,0.04,0.35,11.518,11.693,11.726,48847.76,70405.15,98427.26,1.24
2016-08-29,11.46,11.51,11.41,11.3,51512.42,-0.12,-1.04,11.594,11.772,11.756,55134.47,89804.28,101595.4,1.59
2016-08-26,11.49,11.7,11.53,11.46,47781.76,0.03,0.26,11.632,11.809,11.791,58106.73,95296.52,105033.85,1.47
2016-08-25,11.5,11.58,11.5,11.36,56946.6,-0.2,-1.71,11.69,11.823,11.819,65388.46,97114.47,106658.81,1.76
2016-08-24,11.8,11.8,11.7,11.68,47897.94,-0.13,-1.1,11.796,11.843,11.86,76653.22,105505.13,110151.62,1.48
2016-08-23,11.65,11.85,11.83,11.59,71533.63,0.22,1.9,11.868,11.877,11.881,91962.53,122033.25,116223.8,2.21
2016-08-22,11.64,11.87,11.6,11.58,66373.73,-0.22,-1.86,11.95,11.828,11.916,124474.08,122648.87,120102.29,2.05
2016-08-19,11.88,11.92,11.82,11.76,84190.4,-0.2,-1.66,11.986,11.792,11.942,132486.32,129361.45,121119.0,2.6
2016-08-18,12.11,12.3,12.03,12.0,113270.39,-0.02,-0.17,11.956,11.779,11.964,128840.47,129167.79,123676.23,3.49
2016-08-17,12.06,12.15,12.06,11.94,124444.51,-0.17,-1.39,11.89,11.754,11.989,134357.04,130730.59,124430.22,3.84
2016-08-16,11.82,12.34,12.24,11.71,234091.38,0.46,3.9,11.886,11.758,12.032,152103.96,126449.36,124960.94,7.22
2016-08-15,11.54,11.8,11.78,11.54,106434.9,0.11,0.94,11.706,11.739,12.076,120823.66,113386.52,119610.89,3.28
2016-08-12,11.58,11.77,11.67,11.51,65961.18,-0.02,-0.17,11.598,11.773,12.15,126236.58,114771.18,124527.89,2.03
2016-08-11,11.86,11.95,11.7,11.67,140853.25,-0.34,-2.82,11.602,11.814,12.223,129495.11,116203.15,130643.25,4.35
2016-08-10,11.42,12.15,12.04,11.42,213179.11,0.69,6.08,11.618,11.877,12.292,127104.13,114798.11,131857.37,6.58
2016-08-09,11.21,11.37,11.34,11.17,77689.85,0.11,0.98,11.63,11.884,12.356,100794.76,110414.34,134950.16,2.4
2016-08-08,11.38,11.38,11.24,11.02,133499.52,-0.44,-3.77,11.772,12.003,12.461,105949.37,117555.71,143432.89,4.12
2016-08-05,11.78,11.82,11.69,11.6,82253.83,-0.08,-0.68,11.948,12.092,12.58,103305.78,112876.54,159244.48,2.54
2016-08-04,11.84,11.93,11.78,11.62,128898.32,-0.32,-2.65,12.026,12.148,12.657,102911.19,118184.67,171021.84,3.98
2016-08-03,12.19,12.25,12.1,12.04,81632.28,0.06,0.5,12.136,12.224,12.758,102492.1,118129.86,195523.79,2.52
2016-08-02,12.14,12.19,12.05,11.82,103462.92,-0.09,-0.74,12.138,12.306,12.839,120033.93,123472.52,221808.05,3.19
2016-08-01,12.18,12.39,12.12,12.09,120281.55,0.05,0.41,12.234,12.413,12.896,129162.04,125835.26,232563.0,3.71
2016-07-29,12.34,12.39,12.08,12.01,80280.9,-0.25,-2.03,12.236,12.527,12.958,122447.3,134284.6,248620.74,2.48
2016-07-28,12.27,12.4,12.33,12.06,126802.84,0.22,1.82,12.27,12.631,13.008,133458.14,145083.35,263460.67,3.91
2016-07-27,12.5,12.51,12.11,11.54,169341.42,-0.42,-3.35,12.312,12.706,13.031,133767.63,148916.63,269309.95,5.22
2016-07-26,12.24,12.57,12.53,12.2,149103.48,0.4,3.3,12.474,12.827,13.085,126911.11,159485.98,277096.84,4.6
2016-07-25,12.1,12.26,12.13,12.0,86707.88,-0.12,-0.98,12.592,12.918,13.123,122508.48,169310.08,291604.74,2.68
2016-07-22,12.67,12.75,12.25,12.13,135335.09,-0.28,-2.23,12.818,13.067,13.184,146121.9,205612.41,314892.67,4.18
2016-07-21,12.52,12.75,12.54,12.51,128350.28,-0.3,-2.34,12.992,13.165,13.251,156708.55,223859.02,348396.09,3.96
2016-07-20,13.11,13.25,12.92,12.85,135058.84,-0.19,-1.45,13.1,13.291,13.243,164065.63,272917.72,357573.93,4.17
2016-07-19,13.1,13.2,13.12,12.95,127090.32,-0.13,-0.98,13.18,13.371,13.223,192060.86,320143.57,366745.44,3.92
2016-07-18,13.16,13.43,13.26,12.9,204774.97,0.14,1.07,13.244,13.379,13.196,216111.68,339290.73,380256.3,6.32
2016-07-15,12.94,13.3,13.12,12.8,188268.36,0.04,0.31,13.316,13.389,13.176,265102.92,362956.88,386669.48,5.81
2016-07-14,13.3,13.38,13.08,13.02,165135.66,-0.25,-1.88,13.338,13.385,13.169,291009.48,381838.0,405005.42,5.09
2016-07-13,13.07,13.37,13.32,12.89,275034.97,-0.13,-0.97,13.482,13.355,13.197,381769.8,389703.27,434738.94,8.49
2016-07-12,13.35,13.5,13.44,13.18,247344.44,-0.17,-1.25,13.562,13.343,13.179,448226.28,394707.7,456199.27,7.63
2016-07-11,13.42,14.17,13.62,13.36,449731.19,0.39,2.95,13.514,13.328,13.105,462469.78,413899.39,479682.73,13.87
2016-07-08,13.33,13.49,13.23,13.2,317801.16,-0.58,-4.2,13.462,13.3,13.004,460810.85,424172.93,494401.53,9.8
2016-07-07,13.69,14.57,13.8,13.37,618937.25,0.07,0.51,13.432,13.337,12.879,472666.51,472933.16,487312.09,19.1
2016-07-06,13.35,14.18,13.72,13.35,607317.38,0.53,4.02,13.228,13.194,12.727,397636.73,442230.15,466126.86,18.74
2016-07-05,13.21,13.32,13.2,12.9,318561.94,-0.16,-1.2,13.124,13.075,12.594,341189.12,413347.31,452488.07,9.83
2016-07-04,13.35,13.86,13.36,13.14,441436.5,0.27,2.06,13.142,13.013,12.48,365329.0,421221.86,448500.95,13.62
2016-07-01,12.84,13.5,13.08,12.84,377079.5,0.31,2.43,13.138,12.962,12.368,387535.01,410382.08,444883.19,11.63
2016-06-30,13.01,13.19,12.78,12.76,243788.34,-0.42,-3.18,13.242,12.953,12.259,473199.8,428172.84,444810.71,7.52
2016-06-29,13.1,13.47,13.2,12.88,325079.34,-0.08,-0.6,13.16,13.038,12.137,486823.57,479774.61,443941.74,10.03
2016-06-28,13.3,13.68,13.29,13.0,439261.31,-0.04,-0.3,13.026,13.014,11.973,485505.49,517690.84,435814.51,13.55
2016-06-27,13.8,13.81,13.34,13.13,552466.56,-0.26,-1.91,12.884,12.881,11.821,477114.73,545466.07,424880.24,17.04
2016-06-24,12.6,13.6,13.6,12.32,805403.44,1.24,10.03,12.786,12.707,11.663,433229.15,564630.13,409728.82,24.87
2016-06-23,12.35,12.68,12.37,12.07,311907.19,-0.17,-1.36,12.664,12.421,11.498,383145.88,501691.03,383597.12,9.63
2016-06-22,12.33,12.64,12.53,12.02,318488.94,-0.03,-0.24,12.916,12.26,11.423,472725.64,490023.58,383415.04,9.83
2016-06-21,12.85,13.09,12.58,12.23,397307.5,-0.27,-2.1,13.002,12.112,11.334,549876.19,491628.83,380906.9,12.27
2016-06-20,12.93,13.17,12.85,12.53,333038.66,-0.14,-1.08,12.878,11.947,11.247,613817.41,475780.05,376631.74,10.28
2016-06-17,13.03,13.38,12.99,12.85,554987.12,-0.64,-4.7,12.628,11.774,11.173,696031.11,479384.31,381633.28,17.13
2016-06-16,12.88,14.15,13.63,12.63,759806.0,0.68,5.25,12.178,11.564,11.076,620236.17,461448.57,370442.7,23.46
2016-06-15,11.77,13.15,12.96,11.51,704241.69,1.01,8.45,11.604,11.235,10.942,507321.51,408108.87,355471.44,21.74
2016-06-14,11.46,12.19,11.96,11.2,717013.56,0.36,3.1,11.222,10.932,10.874,433381.47,353938.17,347721.12,22.14
2016-06-13,10.8,11.81,11.6,10.79,744107.19,0.86,8.01,11.016,10.76,10.843,337742.69,304294.42,335018.62,22.97
2016-06-08,10.71,10.96,10.74,10.64,176012.41,-0.02,-0.19,10.92,10.618,10.78,262737.51,254827.51,315559.34,5.43
2016-06-07,10.91,11.02,10.76,10.66,195232.7,-0.28,-2.54,10.95,10.574,10.772,302660.97,265503.21,322953.48,6.03
2016-06-06,11.41,11.64,11.05,10.92,334541.5,0.11,1.0,10.866,10.585,10.731,308896.24,276806.51,326138.06,10.33
2016-06-03,11.02,11.13,10.93,10.8,238819.64,-0.19,-1.71,10.642,10.555,10.686,274494.87,270184.96,330210.37,7.37
2016-06-02,10.72,11.3,11.12,10.61,369081.28,0.24,2.21,10.504,10.546,10.638,270846.16,277483.43,338740.49,11.39
2016-06-01,10.3,10.96,10.89,10.26,375629.75,0.56,5.42,10.316,10.572,10.558,246917.51,283882.25,325562.98,11.6
2016-05-31,9.98,10.35,10.34,9.98,226409.02,0.4,4.02,10.198,10.587,10.486,228345.44,279436.83,313640.88,6.99
2016-05-30,10.05,10.13,9.93,9.9,162534.64,-0.32,-3.12,10.304,10.649,10.453,244716.78,302834.01,311591.75,5.02
2016-05-27,10.01,10.41,10.24,9.91,220576.09,0.05,0.49,10.468,10.815,10.424,265875.06,341504.07,311858.32,6.81
2016-05-26,10.36,10.43,10.18,9.8,249438.05,-0.13,-1.26,10.588,10.926,10.37,284120.7,365742.81,306610.19,7.7
2016-05-25,10.77,10.86,10.3,10.27,282769.41,-0.57,-5.24,10.828,10.941,10.317,320846.98,376291.18,300532.25,8.73
2016-05-24,10.66,11.07,10.87,10.62,308265.69,0.13,1.21,10.976,10.969,10.256,330528.22,380403.75,294284.3,9.52
2016-05-23,10.6,10.94,10.75,10.58,268326.06,-0.08,-0.74,10.994,10.877,10.142,360951.24,375469.61,282637.99,8.28
2016-05-20,11.0,11.28,10.84,10.66,311804.28,-0.55,-4.83,11.162,10.816,10.046,417133.07,390235.78,274222.93,9.63
2016-05-19,10.72,11.73,11.38,10.6,433069.47,0.35,3.17,11.264,10.73,9.958,447364.93,399997.56,266917.25,13.37
2016-05-18,10.81,11.21,11.04,10.6,331175.62,0.07,0.64,11.054,10.544,9.839,431735.38,367243.72,255782.9,10.22
2016-05-17,11.37,11.96,10.96,10.89,460380.75,-0.63,-5.44,10.962,10.384,9.756,430279.27,347844.93,245101.82,14.21
2016-05-16,11.1,11.99,11.59,10.88,549235.25,0.24,2.12,10.76,10.257,9.674,389987.99,320349.49,228036.3,16.96
2016-05-13,10.11,11.35,11.35,10.01,462963.56,1.03,9.98,10.47,10.032,9.575,363338.49,282212.56,206433.17,14.29
2016-05-12,10.3,10.96,10.33,10.14,354921.72,-0.25,-2.36,10.196,9.813,9.489,352630.19,247477.57,194650.87,10.96
2016-05-11,9.99,10.7,10.58,9.6,323895.09,0.63,6.33,10.034,9.693,9.463,302752.05,224773.32,192010.69,10.0
2016-05-10,9.6,10.13,9.95,9.08,258924.31,-0.13,-1.29,9.806,9.542,9.428,265410.59,208164.86,194484.53,7.99
2016-05-09,9.96,10.47,10.14,9.85,415987.75,0.17,1.71,9.754,9.407,9.402,250710.99,189806.37,196192.79,12.84
2016-05-06,9.53,10.29,9.98,9.5,409422.06,0.46,4.83,9.594,9.275,9.361,201086.64,158210.07,189832.85,12.64
2016-05-05,9.4,9.63,9.52,9.36,105531.05,0.08,0.85,9.43,9.185,9.303,142324.96,133836.94,176886.62,3.26
2016-05-04,9.54,9.65,9.44,9.42,137187.77,-0.25,-2.58,9.352,9.134,9.282,146794.59,144322.09,178703.46,4.24
2016-05-03,9.52,9.78,9.69,9.52,185426.31,0.36,3.86,9.278,9.127,9.272,150919.13,142358.71,180214.19,5.72
2016-04-29,9.28,9.58,9.34,9.2,167866.02,0.19,2.08,9.06,9.09,9.245,128901.76,135723.12,177114.61,5.18
2016-04-28,9.07,9.28,9.16,8.96,115613.65,0.02,0.22,8.956,9.117,9.243,115333.51,130653.78,178413.26,3.57
2016-04-27,9.0,9.24,9.13,9.0,127879.22,0.06,0.66,8.94,9.164,9.246,125348.91,141824.16,180491.46,3.95
2016-04-26,8.78,9.18,9.07,8.72,157810.44,0.48,5.59,8.916,9.232,9.237,141849.58,159248.06,181149.14,4.87
2016-04-25,8.74,8.82,8.6,8.4,75339.47,-0.21,-2.38,8.976,9.313,9.251,133798.29,180804.2,184140.08,2.33
2016-04-22,8.81,8.92,8.82,8.69,100024.76,-0.26,-2.86,9.12,9.396,9.277,142544.47,202579.2,187222.42,3.09
2016-04-21,8.8,9.3,9.08,8.65,165690.66,0.06,0.67,9.278,9.447,9.29,145974.06,221455.63,193951.76,5.12
2016-04-20,9.51,9.68,9.01,8.72,210382.55,-0.37,-3.94,9.388,9.42,9.318,158299.41,219936.3,198524.12,6.5
2016-04-19,9.28,9.39,9.37,9.08,117553.99,0.07,0.75,9.548,9.43,9.364,176646.53,213084.84,206672.65,3.63
2016-04-18,9.59,9.73,9.32,9.25,119070.4,-0.28,-2.92,9.65,9.416,9.385,227810.12,218069.68,218869.38,3.68
2016-04-15,9.51,9.65,9.61,9.45,117172.71,-0.03,-0.31,9.672,9.399,9.409,262613.93,218506.1,234599.5,3.62
2016-04-14,9.69,9.76,9.63,9.42,227317.38,-0.17,-1.74,9.616,9.368,9.426,296937.2,226172.73,250705.41,7.02
2016-04-13,9.71,9.98,9.81,9.68,302118.19,-0.07,-0.71,9.452,9.328,9.42,281573.19,219158.76,257272.67,9.33
2016-04-12,9.42,10.09,9.88,9.34,373371.91,0.46,4.88,9.312,9.242,9.372,249523.15,203050.23,258179.24,11.53
2016-04-11,9.4,9.68,9.43,9.16,293089.47,0.09,0.96,9.182,9.189,9.354,208329.24,187475.95,261300.05,9.05
2016-04-08,8.81,9.49,9.33,8.81,288789.06,0.52,5.9,9.126,9.158,9.316,174398.27,171865.64,263155.47,8.92
2016-04-07,9.05,9.11,8.81,8.8,150497.3,-0.31,-3.4,9.12,9.133,9.245,155408.26,166447.88,261701.59,4.65
2016-04-06,9.17,9.33,9.11,9.0,141868.02,-0.12,-1.3,9.204,9.215,9.206,156744.33,177111.95,271777.3,4.38
2016-04-05,9.0,9.28,9.23,8.89,167402.33,0.07,0.76,9.172,9.297,9.189,156577.31,200260.46,290465.27,5.17
2016-04-01,9.28,9.38,9.15,9.1,123434.66,-0.14,-1.51,9.196,9.353,9.127,166622.66,219669.08,289761.17,3.81
2016-03-31,9.2,9.45,9.3,9.11,193838.97,0.07,0.76,9.19,9.418,9.032,169333.01,250692.9,289225.14,5.98
2016-03-30,9.25,9.4,9.23,9.03,157177.67,0.27,3.01,9.146,9.483,8.929,177487.51,275238.1,282496.12,4.85
2016-03-29,9.25,9.36,8.95,8.88,141032.94,-0.39,-4.18,9.226,9.511,8.825,197479.57,295386.59,278620.64,4.35
2016-03-28,9.17,9.48,9.35,9.08,217629.06,0.23,2.52,9.422,9.501,8.716,243943.6,313308.25,274632.06,6.72
2016-03-25,9.2,9.23,9.12,8.95,136986.41,0.04,0.44,9.51,9.519,8.577,272715.5,335124.15,267156.67,4.23
2016-03-24,9.29,9.33,9.08,9.03,234611.45,-0.56,-5.81,9.646,9.474,8.47,332052.78,354445.29,265079.53,7.24
2016-03-23,9.7,9.75,9.63,9.43,257137.98,-0.29,-2.92,9.82,9.356,8.364,372988.69,356955.3,257782.8,7.94
2016-03-22,9.55,10.17,9.93,9.36,373353.12,0.15,1.53,9.796,9.196,8.27,393293.6,366442.64,250073.09,11.53
2016-03-21,9.6,9.83,9.79,9.31,361488.56,0.01,0.1,9.58,9.081,8.149,382672.9,380670.07,235369.35,11.16
2016-03-18,9.71,10.3,9.8,9.62,433672.81,-0.13,-1.31,9.528,8.9,8.042,397532.8,359853.26,220988.46,13.39
2016-03-17,9.8,10.21,9.95,9.41,439290.97,0.44,4.63,9.302,8.645,7.928,376837.8,327757.38,202514.93,13.56
2016-03-16,8.78,9.71,9.51,8.71,358662.56,0.67,7.58,8.892,8.375,7.811,340921.92,289754.15,184499.2,11.07
2016-03-15,9.17,9.25,8.85,8.71,320249.62,-0.68,-7.13,8.596,8.138,7.719,339591.68,261854.69,171617.3,9.89
2016-03-14,8.7,9.54,9.53,8.46,435788.03,0.86,9.92,8.582,7.931,7.667,378667.24,235955.86,162825.56,13.45
2016-03-11,7.99,8.67,8.67,7.8,330197.81,0.79,10.03,8.272,7.634,7.576,322173.73,199189.2,149120.41,10.19
2016-03-10,7.85,8.3,7.9,7.6,259711.58,-0.13,-1.62,7.988,7.466,7.508,278676.96,175713.77,137229.65,8.02
2016-03-09,7.99,8.35,8.03,7.9,352011.38,-0.75,-8.54,7.858,7.372,7.469,238586.38,158610.3,128631.3,10.87
2016-03-08,8.1,8.78,8.78,7.98,515627.41,0.8,10.03,7.68,7.343,7.423,184117.7,133703.54,116194.26,15.92
2016-03-07,7.18,7.98,7.98,7.15,153320.47,0.73,10.07,7.28,7.217,7.347,93244.49,90068.63,99243.56,4.73
2016-03-04,7.26,7.57,7.25,7.04,112713.96,0.01,0.14,6.996,7.184,7.296,76204.66,82123.66,100585.6,3.48
2016-03-03,7.13,7.3,7.25,7.09,59258.68,0.11,1.54,6.944,7.211,7.249,72750.58,77272.48,97585.04,1.83
2016-03-02,6.72,7.19,7.14,6.72,79667.96,0.36,5.31,6.886,7.246,7.19,78634.22,79244.26,97569.52,2.46
2016-03-01,6.6,6.85,6.78,6.5,61261.36,0.22,3.35,7.006,7.299,7.151,83289.38,81379.9,97020.45,1.89
2016-02-29,6.85,6.91,6.56,6.4,68121.35,-0.43,-6.15,7.154,7.402,7.137,86892.77,89695.26,97329.9,2.1
2016-02-26,6.98,7.07,6.99,6.61,95443.57,0.03,0.43,7.372,7.518,7.169,88042.66,99051.63,96429.91,2.95
2016-02-25,7.7,7.73,6.96,6.96,88676.86,-0.77,-9.96,7.478,7.549,7.174,81794.37,98745.53,94484.05,2.74
2016-02-24,7.55,7.74,7.74,7.41,102943.77,0.23,3.06,7.606,7.566,7.173,79854.3,98652.3,93207.7,3.18
2016-02-23,7.63,7.65,7.52,7.39,79278.31,-0.13,-1.7,7.592,7.502,7.15,79470.43,98684.98,91534.53,2.45
2016-02-22,7.61,7.73,7.65,7.56,73870.81,0.13,1.73,7.65,7.477,7.144,92497.75,108418.48,91702.23,2.28
2016-02-19,7.65,7.69,7.52,7.44,64202.09,-0.08,-1.05,7.664,7.407,7.115,110060.6,119047.54,91433.04,1.98
2016-02-18,7.71,7.77,7.6,7.54,78976.51,-0.07,-0.91,7.62,7.287,7.086,115696.7,117897.61,91616.07,2.44
2016-02-17,7.64,7.75,7.67,7.52,101024.41,-0.14,-1.79,7.526,7.133,7.07,117450.31,115894.77,92366.42,3.12
2016-02-16,7.51,7.84,7.81,7.46,144414.94,0.09,1.17,7.412,7.003,7.038,117899.53,112660.99,90248.94,4.46
2016-02-15,7.6,7.8,7.72,7.45,161685.03,0.44,6.04,7.304,6.871,7.013,124339.21,104964.54,86911.73,4.99
2016-02-05,7.13,7.48,7.3,7.09,92382.61,0.17,2.38,7.15,6.819,6.992,128034.49,93808.19,83309.89,2.85
2016-02-04,7.09,7.26,7.13,7.06,87744.54,0.04,0.56,6.954,6.799,7.033,120098.52,90222.56,84957.16,2.71
2016-02-03,7.03,7.15,7.1,6.96,103270.51,-0.17,-2.34,6.74,6.78,7.08,114339.24,87763.11,81868.53,3.19
2016-02-02,7.0,7.33,7.27,6.92,176613.38,0.32,4.6,6.594,6.798,7.173,107422.46,84384.09,81092.72,5.45
2016-02-01,6.45,6.95,6.95,6.39,180161.41,0.63,9.97,6.438,6.81,7.248,85589.86,74985.97,78394.46,5.56
2016-01-29,6.07,6.38,6.32,6.06,52702.77,0.25,4.12,6.488,6.823,7.365,59581.89,63818.54,74781.27,1.63
2016-01-28,6.26,6.44,6.06,6.01,58948.13,-0.32,-5.02,6.644,6.885,7.565,60346.6,65334.53,80302.92,1.82
2016-01-27,6.55,6.59,6.37,6.07,68686.62,-0.12,-1.85,6.82,7.007,7.807,61186.97,68838.06,85661.07,2.12
2016-01-26,7.11,7.15,6.49,6.49,67450.36,-0.72,-9.99,7.002,7.072,8.042,61345.72,67836.88,95230.74,2.08
2016-01-25,7.19,7.25,7.2,7.08,50121.55,0.09,1.27,7.182,7.154,8.239,64382.09,68858.92,100423.36,1.55
2016-01-22,7.02,7.14,7.1,6.79,56526.33,0.15,2.16,7.158,7.165,8.398,68055.18,72811.6,103865.58,1.75
2016-01-21,7.19,7.32,6.94,6.93,63149.99,-0.33,-4.54,7.126,7.267,8.549,70322.46,79691.75,105437.11,1.95
2016-01-20,7.31,7.45,7.28,7.2,69480.37,-0.1,-1.35,7.194,7.379,8.717,76489.14,75973.95,109802.96,2.15
2016-01-19,7.09,7.4,7.39,7.01,82632.21,0.3,4.23,7.142,7.548,8.866,74328.04,77801.36,113210.25,2.55
2016-01-18,6.78,7.18,7.08,6.78,68487.02,0.14,2.02,7.126,7.685,8.996,73335.76,81802.94,115088.79,2.11
2016-01-15,7.22,7.33,6.94,6.8,67862.69,-0.35,-4.8,7.172,7.906,9.142,77568.02,85744.01,116218.22,2.1
2016-01-14,6.81,7.35,7.28,6.75,93983.43,0.23,3.26,7.408,8.244,9.298,89061.05,95271.32,118770.15,2.9
2016-01-13,7.4,7.49,7.02,7.02,58674.85,-0.29,-3.97,7.564,8.606,9.421,75458.76,102484.09,117396.58,1.81
2016-01-12,7.31,7.48,7.31,7.0,77670.8,0.0,0.0,7.954,9.012,9.555,81274.67,122624.6,119059.78,2.4
2016-01-11,7.9,8.08,7.31,7.31,89648.31,-0.81,-9.97,8.244,9.323,9.68,90270.13,131987.8,119153.63,2.77
2016-01-08,8.15,8.38,8.12,7.57,125327.85,0.06,0.74,8.64,9.63,9.801,93920.0,134919.56,122756.62,3.87
2016-01-07,8.72,8.8,8.06,8.06,25972.0,-0.9,-10.04,9.08,9.83,9.908,101481.59,131182.48,127072.21,0.8
2016-01-06,8.8,8.97,8.97,8.65,87754.4,0.23,2.63,9.648,10.054,10.016,129509.42,143631.96,130663.92,2.71
2016-01-05,8.88,9.18,8.76,8.36,122648.1,-0.53,-5.71,10.07,10.183,10.069,163974.52,148619.14,131423.11,3.79
2016-01-04,10.3,10.49,9.29,9.29,107897.65,-1.03,-9.98,10.402,10.307,10.156,173705.48,148374.63,132217.14,3.33
2015-12-31,10.92,11.07,10.32,10.27,163135.8,-0.57,-5.23,10.62,10.378,10.192,175919.11,146692.43,133952.98,5.04
2015-12-30,10.96,11.03,10.9,10.73,166111.14,-0.18,-1.62,10.58,10.351,10.196,160883.36,142268.98,132671.74,5.13
2015-12-29,10.35,11.11,11.08,10.28,260079.91,0.66,6.33,10.46,10.236,10.153,157754.5,132309.06,132707.26,8.03
2015-12-28,10.42,10.73,10.42,10.37,171302.88,0.05,0.48,10.296,10.098,10.125,133263.76,115494.96,137743.4,5.29
2015-12-25,10.26,10.6,10.38,10.16,118965.84,0.27,2.67,10.212,10.037,10.119,123043.77,106319.46,142646.1,3.67
2015-12-24,10.17,10.3,10.12,9.9,87957.03,-0.15,-1.46,10.136,9.972,10.067,117465.75,110593.67,146382.67,2.72
2015-12-23,10.2,10.45,10.3,10.1,150466.84,0.05,0.49,10.122,9.986,10.038,123654.6,122961.94,147575.4,4.65
2015-12-22,10.02,10.31,10.26,10.02,137626.2,0.27,2.7,10.012,9.978,10.008,106863.62,117695.88,146828.61,4.25
2015-12-21,9.99,10.23,10.0,9.98,120202.96,0.0,0.0,9.9,9.954,9.968,97726.16,114227.08,144030.45,3.71
2015-12-18,10.07,10.26,10.0,9.92,91075.74,-0.05,-0.5,9.862,10.005,9.939,89595.14,116059.65,144445.78,2.81
2015-12-17,9.76,10.08,10.05,9.76,118901.26,0.3,3.08,9.808,10.006,9.912,103721.59,121213.53,146329.67,3.67
2015-12-16,9.74,9.86,9.75,9.7,66511.94,0.05,0.52,9.85,10.041,9.872,122269.27,123074.51,143103.67,2.05
2015-12-15,9.82,9.92,9.7,9.6,91938.92,-0.11,-1.12,9.944,10.07,9.842,128528.13,133105.46,143094.07,2.84
2015-12-14,9.48,9.86,9.81,9.45,79547.83,0.09,0.93,10.008,10.151,9.818,130728.0,159991.84,143852.43,2.46
2015-12-11,10.11,10.11,9.73,9.6,161708.02,-0.53,-5.17,10.148,10.2,9.792,142524.16,178972.75,143517.68,4.99
2015-12-10,10.2,10.76,10.26,10.15,211639.64,0.06,0.59,10.204,10.162,9.76,138705.47,182171.66,141478.6,6.53
2015-12-09,10.02,10.28,10.22,9.93,97806.25,0.21,2.1,10.232,10.089,9.715,123879.74,172188.87,136578.15,3.02
2015-12-08,10.38,10.39,10.02,10.0,102938.28,-0.47,-4.48,10.196,10.037,9.685,137682.79,175961.34,139438.0,3.18
2015-12-07,9.99,10.52,10.51,9.88,138528.62,0.5,5.0,10.294,9.982,9.664,189255.67,173833.81,142596.1,4.28
2015-12-04,10.33,10.4,10.01,9.95,142614.55,-0.38,-3.66,10.252,9.872,9.607,215421.34,172831.9,140810.06,4.4
2015-12-03,10.0,10.49,10.4,9.8,137511.0,0.35,3.48,10.12,9.818,9.576,225637.85,171445.8,139805.2,4.25
2015-12-02,10.28,10.3,10.04,9.52,166821.52,-0.49,-4.65,9.946,9.703,9.518,220498.01,163132.84,139611.34,5.15
2015-12-01,10.3,10.88,10.51,10.2,360802.66,0.21,2.04,9.878,9.614,9.479,214239.89,153082.68,136855.95,11.14
2015-11-30,9.3,10.3,10.3,8.87,269356.97,0.94,10.04,9.67,9.485,9.395,158411.95,127713.02,121812.05,8.32
2015-11-27,9.44,9.85,9.35,9.3,193697.12,-0.18,-1.89,9.492,9.383,9.318,130242.47,108062.61,112170.12,5.98
2015-11-26,9.73,9.77,9.53,9.49,111811.76,-0.16,-1.65,9.516,9.358,9.296,117253.75,100785.55,107263.5,3.45
2015-11-25,9.4,9.73,9.7,9.38,135530.95,0.25,2.65,9.46,9.341,9.278,105767.67,100967.42,106960.6,4.18
2015-11-24,9.38,9.49,9.47,9.19,81662.97,0.07,0.74,9.35,9.332,9.244,91925.46,102914.66,107978.93,2.52
2015-11-23,9.54,9.8,9.41,9.3,128509.53,-0.06,-0.63,9.3,9.345,9.246,97014.08,111358.39,111762.08,3.97
2015-11-20,9.27,9.53,9.47,9.24,128753.55,0.22,2.38,9.274,9.341,9.266,85882.76,108788.22,114410.42,3.98
2015-11-19,9.14,9.26,9.25,9.07,54381.34,0.11,1.2,9.2,9.333,9.285,84317.34,108164.6,123810.44,1.68
2015-11-18,9.25,9.27,9.15,9.04,66319.92,-0.07,-0.76,9.222,9.332,9.318,96167.17,116089.83,138504.35,2.05
2015-11-17,9.32,9.55,9.22,9.18,107106.05,-0.08,-0.86,9.314,9.344,9.308,113903.85,120629.23,149179.34,3.31
2015-11-16,9.0,9.31,9.28,8.92,72852.92,0.18,1.98,9.39,9.304,9.32,125702.69,115911.08,155243.65,2.25
2015-11-13,9.3,9.39,9.1,9.0,120926.46,-0.25,-2.67,9.408,9.253,9.287,131693.68,116277.62,159781.85,3.73
2015-11-12,9.56,9.63,9.36,9.26,113630.52,-0.25,-2.6,9.466,9.234,9.252,132011.86,113741.45,160174.63,3.51
2015-11-11,9.52,9.64,9.61,9.37,155003.31,0.02,0.21,9.442,9.215,9.202,136012.49,112953.78,160394.77,4.79
2015-11-10,9.31,9.67,9.6,9.23,166100.25,0.24,2.56,9.374,9.156,9.124,127354.61,113043.2,158122.52,5.13
2015-11-09,9.29,9.43,9.37,9.12,102807.86,-0.03,-0.32,9.218,9.147,9.054,106119.46,112165.77,154748.64,3.17
2015-11-06,9.22,9.44,9.39,9.17,122517.34,0.15,1.62,9.098,9.19,8.993,100861.57,120032.63,156778.44,3.78
2015-11-05,9.32,9.37,9.24,9.01,133633.7,-0.03,-0.32,9.002,9.237,8.909,95471.04,139456.29,155888.79,4.13
2015-11-04,8.9,9.29,9.27,8.86,111713.92,0.45,5.1,8.988,9.303,8.821,89895.06,160918.87,153029.85,3.45
2015-11-03,8.73,8.94,8.82,8.72,59924.5,0.06,0.69,8.938,9.271,8.716,98731.79,177729.44,149582.62,1.85
2015-11-02,8.72,9.07,8.77,8.61,76518.37,-0.14,-1.57,9.076,9.336,8.631,118212.07,194576.22,149575.44,2.36
2015-10-30,9.02,9.15,8.91,8.8,95564.7,-0.25,-2.73,9.282,9.32,8.56,139203.7,203286.07,148070.82,2.95
2015-10-29,9.1,9.25,9.17,8.91,105753.82,0.16,1.78,9.472,9.27,8.474,183441.54,206607.81,147477.23,3.27
2015-10-28,9.43,9.78,9.02,8.96,155897.55,-0.5,-5.25,9.618,9.189,8.399,231942.67,207835.76,146182.78,4.81
2015-10-27,9.62,9.72,9.51,9.01,157325.91,-0.29,-2.96,9.604,9.092,8.325,256727.09,203201.83,144184.52,4.86
2015-10-26,9.8,9.88,9.8,9.49,181476.5,-0.07,-0.71,9.596,8.961,8.247,270940.36,197331.51,143931.24,5.6
2015-10-23,10.2,10.2,9.86,9.47,316753.91,-0.04,-0.4,9.358,8.796,8.135,267368.44,193524.25,139507.31,9.78
2015-10-22,8.89,9.9,9.9,8.7,348259.47,0.9,10.0,9.068,8.58,8.007,229774.09,172321.3,127631.78,10.75
2015-10-21,9.46,9.75,8.95,8.55,279819.66,-0.52,-5.49,8.76,8.339,7.873,183728.85,145140.84,116227.72,8.64
2015-10-20,8.62,9.47,9.47,8.55,228392.27,0.86,9.99,8.58,8.161,7.802,149676.57,121435.79,108181.33,7.05
2015-10-19,8.43,8.65,8.61,8.22,163616.91,0.2,2.38,8.326,7.926,7.678,123722.65,104574.66,102625.93,5.05
2015-10-16,8.41,8.49,8.41,8.2,128782.14,0.05,0.6,8.234,7.799,7.635,119680.06,92855.57,100091.98,3.98
2015-10-15,8.16,8.37,8.36,8.08,118033.29,0.32,3.98,8.092,7.677,7.644,114868.5,88346.65,98032.15,3.64
2015-10-14,8.17,8.27,8.05,8.02,109558.25,-0.15,-1.83,7.918,7.608,7.651,106552.83,84529.81,98795.98,3.38
2015-10-13,8.15,8.24,8.2,8.08,98622.68,0.06,0.74,7.742,7.558,7.701,93195.01,85167.21,103745.04,3.04
2015-10-12,7.75,8.25,8.15,7.71,143403.92,0.44,5.71,7.526,7.533,7.723,85426.66,90530.97,109027.82,4.43
2015-10-09,7.59,8.0,7.7,7.55,104724.37,0.21,2.8,7.364,7.473,7.757,66031.08,85490.36,111844.86,3.23
2015-10-08,7.45,7.55,7.49,7.35,76454.91,0.32,4.46,7.262,7.434,7.862,61824.79,82942.27,117376.0,2.36
2015-09-30,7.16,7.22,7.17,7.07,42769.17,0.05,0.7,7.298,7.406,8.033,62506.78,87314.61,128125.62,1.32
2015-09-29,7.23,7.26,7.12,7.02,59780.94,-0.22,-3.0,7.374,7.443,8.28,77139.4,94926.88,148583.14,1.85
2015-09-28,7.25,7.35,7.34,7.1,46425.99,0.14,1.94,7.54,7.429,8.474,95635.28,100677.2,160881.63,1.43
2015-09-25,7.62,7.77,7.19,7.15,83692.94,-0.47,-6.14,7.582,7.47,8.607,104949.65,107328.39,159114.23,2.58
2015-09-24,7.6,7.71,7.67,7.54,79864.88,0.1,1.32,7.606,7.611,8.804,104059.75,107717.66,164845.47,2.47
2015-09-23,7.62,7.82,7.55,7.47,115932.26,-0.4,-5.03,7.514,7.693,8.926,112122.43,113062.15,174097.64,3.58
2015-09-22,7.6,8.18,7.95,7.49,152260.31,0.4,5.3,7.512,7.843,9.11,112714.35,122322.87,180014.27,4.7
2015-09-21,7.26,7.56,7.55,7.2,92997.85,0.22,3.0,7.318,7.912,9.223,105719.13,127524.67,181296.02,2.87
2015-09-18,7.28,7.36,7.31,7.13,79243.45,0.11,1.53,7.358,8.04,9.355,109707.14,138199.35,183538.86,2.45
2015-09-17,7.45,7.67,7.21,7.1,120178.27,-0.33,-4.38,7.616,8.29,9.49,111375.56,151809.73,189053.15,3.71
2015-09-16,6.98,7.68,7.54,6.91,118891.89,0.56,8.02,7.872,8.659,9.627,114001.86,168936.63,190947.56,3.67
2015-09-15,7.43,7.48,6.98,6.98,117284.19,-0.77,-9.94,8.174,9.116,9.738,131931.38,202239.4,190479.51,3.62
2015-09-14,8.63,8.69,7.75,7.75,112937.9,-0.86,-9.99,8.506,9.518,9.851,149330.2,221086.06,189287.42,3.49
2015-09-11,8.46,8.7,8.6,8.31,87585.57,0.11,1.3,8.722,9.744,9.908,166691.56,210900.07,186808.48,2.7
2015-09-10,8.85,8.87,8.49,8.44,133309.77,-0.56,-6.19,8.964,9.996,9.915,192243.89,221973.28,187283.47,4.12
2015-09-09,8.6,9.16,9.05,8.46,208539.47,0.46,5.36,9.446,10.158,9.93,223871.39,235133.14,184869.33,6.44
2015-09-08,8.49,8.92,8.64,7.95,204278.31,-0.19,-2.15,10.058,10.376,9.886,272547.43,237705.66,177588.5,6.31
2015-09-07,9.5,10.18,8.83,8.83,199744.67,-0.98,-9.99,10.53,10.534,9.891,292841.92,235067.36,171489.14,6.17
2015-09-02,9.81,10.98,9.81,9.81,215347.22,-1.09,-10.0,10.766,10.669,9.897,255108.58,228878.37,167553.36,6.65
2015-09-01,11.64,11.89,10.9,10.9,291447.28,-1.21,-9.99,11.028,10.689,9.872,251702.67,226296.58,163852.49,9.0
2015-08-31,10.7,12.11,12.11,10.68,451919.66,1.1,9.99,10.87,10.595,9.77,246394.89,212958.49,157648.13,13.95
2015-08-28,9.01,11.01,11.0,9.01,305750.75,0.99,9.89,10.694,10.359,9.612,202863.9,178719.62,142378.62,9.44
2015-08-27,10.01,10.01,10.01,10.01,11078.0,-1.11,-9.98,10.538,10.183,9.559,177292.81,157488.78,135141.33,0.34
2015-08-19,9.7,11.12,11.12,9.64,198317.64,1.01,9.99,10.572,10.071,9.572,202648.17,162716.88,143652.82,6.12
2015-08-18,11.3,11.56,10.11,10.11,264908.38,-1.12,-9.97,10.35,9.834,9.509,200890.49,152593.67,141761.32,8.18
2015-08-17,10.15,11.23,11.23,10.11,234264.73,1.02,9.99,10.32,9.702,9.485,179522.1,134605.52,136270.91,7.23
2015-08-14,10.5,10.55,10.22,10.11,177895.31,0.05,0.49,10.024,9.396,9.403,154575.33,117471.33,133869.41,5.49
2015-08-13,9.9,10.23,10.18,9.78,137854.77,0.16,1.6,9.828,9.247,9.359,137684.76,107910.91,132662.63,4.26
2015-08-12,9.65,10.34,10.01,9.58,189529.25,0.04,0.4,9.57,9.124,9.279,122785.6,106228.35,132982.61,5.85
2015-08-11,9.66,10.28,9.96,9.65,158066.44,0.23,2.36,9.318,9.054,9.193,104296.85,101408.4,135019.86,4.88
2015-08-10,9.26,9.8,9.75,9.26,109530.88,0.52,5.63,9.084,8.945,9.139,89688.94,102337.76,127301.36,3.38
2015-08-07,8.97,9.28,9.24,8.91,93442.45,0.35,3.94,8.768,8.865,9.055,80367.33,106037.62,122034.78,2.88
2015-08-06,8.65,8.95,8.89,8.4,63358.99,0.15,1.72,8.666,8.935,8.96,78137.07,112793.87,122016.22,1.96
2015-08-05,8.82,9.11,8.75,8.62,97085.51,-0.03,-0.34,8.678,9.072,8.923,89671.1,124588.76,128385.91,3.0
2015-08-04,8.2,8.81,8.79,8.18,85026.88,0.61,7.46,8.79,9.183,8.938,98519.95,130928.97,130470.53,2.63
2015-08-03,8.51,8.69,8.17,8.02,62922.84,-0.56,-6.42,8.806,9.268,9.0,114986.58,137936.31,133710.86,1.94
2015-07-31,8.78,9.18,8.73,8.52,82291.13,-0.24,-2.68,8.962,9.41,9.154,131707.9,150267.48,140846.85,2.54
2015-07-30,9.24,9.5,8.95,8.88,121029.16,-0.38,-4.07,9.204,9.47,9.275,147450.68,157414.34,145480.36,3.74
2015-07-29,9.0,9.35,9.31,8.64,141329.73,0.48,5.44,9.466,9.434,9.336,159506.41,159736.86,148494.48,4.36
2015-07-28,8.3,9.34,8.87,8.1,167360.06,-0.08,-0.89,9.576,9.332,9.431,163338.0,168631.33,148616.83,5.17
2015-07-27,9.57,10.02,8.95,8.95,146529.41,-0.99,-9.96,9.73,9.333,9.61,160886.03,152264.96,146327.97,4.52
2015-07-24,10.22,10.37,9.94,9.82,161005.02,-0.31,-3.02,9.858,9.245,9.829,168827.06,138031.94,147247.35,4.97
2015-07-23,9.88,10.38,10.26,9.7,181307.81,0.41,4.16,9.736,8.985,9.972,167378.0,131238.57,146951.2,5.6
2015-07-22,9.53,9.86,9.86,9.33,160487.7,0.23,2.39,9.402,8.774,10.103,159967.31,132183.06,143919.58,4.95
2015-07-21,9.35,9.75,9.64,9.08,155100.2,0.05,0.52,9.088,8.692,10.325,173924.65,130012.09,142382.69,4.79
2015-07-20,9.38,9.86,9.59,9.2,186234.58,0.25,2.68,8.936,8.732,10.604,143643.89,129485.41,141797.66,5.75
2015-07-17,8.55,9.45,9.33,8.45,153759.73,0.74,8.62,8.632,8.898,10.881,107236.81,131426.22,140325.4,4.75
2015-07-16,7.87,8.77,8.59,7.61,144254.34,0.32,3.87,8.234,9.08,11.216,95099.13,133546.39,140995.57,4.45
2015-07-15,9.67,9.67,8.29,8.11,230274.41,-0.59,-6.64,8.146,9.238,11.613,104398.81,137252.1,143325.19,7.11
2015-07-14,8.88,8.88,8.88,8.88,3696.41,0.81,10.04,8.296,9.53,12.016,86099.53,128602.34,142562.46,0.11
2015-07-13,8.07,8.07,8.07,8.07,4199.18,0.73,9.95,8.528,9.887,12.372,115326.93,140390.98,151150.68,0.13
2015-07-07,7.46,7.88,7.34,7.34,93071.29,-0.81,-9.94,9.164,10.413,12.755,155615.62,156462.76,157566.66,2.87
2015-07-06,9.94,9.94,8.15,8.14,190752.78,-0.89,-9.85,9.926,10.959,13.165,171993.65,162663.84,160756.55,5.89
2015-07-03,9.49,10.05,9.04,9.04,138777.98,-1.0,-9.96,10.33,11.431,13.565,170105.39,155656.09,161116.19,4.28
2015-07-02,11.39,11.55,10.04,10.04,149833.41,-1.12,-10.04,10.764,11.957,13.92,171105.14,154753.28,163546.66,4.63
2015-07-01,11.43,11.99,11.25,10.68,205642.66,0.1,0.9,11.246,12.476,14.263,165455.02,154109.91,168365.38,6.35
2015-06-30,10.29,11.15,11.15,9.89,174961.41,1.01,9.96,11.662,12.864,14.543,157309.89,149224.58,173312.16,5.4
2015-06-29,11.44,11.56,10.17,10.09,181311.47,-1.04,-9.28,11.992,13.351,14.768,153334.04,148444.76,181404.57,5.6
2015-06-26,12.0,12.0,11.21,11.21,143776.77,-1.25,-10.03,12.532,13.987,14.994,141206.79,149398.28,182715.96,4.44
2015-06-25,13.42,13.42,12.45,12.32,121582.81,-0.86,-6.46,13.15,14.502,15.101,138401.42,156522.59,192549.97,3.75
2015-06-24,12.89,13.78,13.33,12.88,164916.98,0.55,4.3,13.706,14.856,15.18,142764.81,161910.38,197301.88,5.09
2015-06-23,12.72,13.13,12.8,11.58,155082.17,-0.07,-0.54,14.066,15.096,15.151,141139.27,158670.57,198090.66,4.79
2015-06-19,14.01,14.17,12.87,12.87,120675.24,-1.43,-10.0,14.71,15.371,15.141,143555.48,158849.26,200045.15,3.73
2015-06-18,15.23,15.46,14.3,14.16,129749.89,-0.89,-5.86,15.442,15.698,15.111,157589.78,166576.3,204478.06,4.01
2015-06-17,15.07,15.49,15.23,14.2,143399.75,0.11,0.73,15.854,15.883,14.981,174643.76,172340.05,205375.37,4.43
2015-06-16,15.82,15.82,15.13,14.76,156789.3,-0.89,-5.56,16.006,16.049,14.783,181055.95,182620.85,205943.37,4.84
2015-06-15,16.66,16.76,16.02,15.88,167163.22,-0.51,-3.08,16.126,16.222,14.598,176201.88,197399.74,204708.76,5.16
2015-06-12,16.29,16.78,16.53,16.03,190846.72,0.17,1.04,16.032,16.185,14.348,174143.05,214364.38,203159.06,5.89
2015-06-11,16.83,16.99,16.36,16.2,215019.81,0.37,2.31,15.954,16.001,14.079,175562.82,216033.63,199680.72,6.64
2015-06-10,15.73,16.29,15.99,15.33,175460.72,0.26,1.65,15.912,15.7,13.835,170036.33,228577.36,197740.33,5.42
2015-06-09,15.65,16.15,15.73,15.57,132518.91,0.18,1.16,16.092,15.504,13.598,184185.74,232693.38,197669.24,4.09
2015-06-08,16.15,16.16,15.55,15.35,156869.09,-0.59,-3.66,16.318,15.206,13.372,218597.6,237510.75,203580.98,4.84
2015-06-05,16.3,16.69,16.14,15.55,197945.55,-0.01,-0.06,16.338,14.911,13.126,254585.7,241241.03,201640.51,6.11
2015-06-04,17.0,17.0,16.15,15.2,187387.38,-0.74,-4.38,16.048,14.524,12.828,256504.45,242379.83,196192.09,5.79
2015-06-03,16.6,17.5,16.89,16.27,246207.75,0.03,0.18,15.488,14.079,12.514,287118.38,238410.68,190286.67,7.6
2015-06-02,15.46,17.18,16.86,15.2,304578.22,1.21,7.73,14.916,13.516,12.165,281201.02,229265.89,183683.66,9.4
2015-06-01,15.8,16.16,15.65,15.1,336809.62,0.96,6.54,14.094,12.974,11.836,256423.9,212017.79,174891.12,10.4
2015-05-29,13.21,14.69,14.69,12.6,207539.3,1.34,10.04,13.484,12.511,11.597,227896.36,191953.74,167539.97,6.41
2015-05-28,14.4,15.4,13.35,13.33,340457.03,-0.68,-4.85,13.0,12.157,11.382,228255.2,183327.81,162157.07,10.51
2015-05-27,12.75,14.03,14.03,12.41,216620.95,1.28,10.04,12.67,11.969,11.241,189702.99,166903.31,151915.57,6.69
2015-05-26,12.62,12.9,12.75,12.38,180692.59,0.15,1.19,12.116,11.692,11.047,177330.76,162645.1,148110.83,5.58
2015-05-25,12.27,12.86,12.6,12.13,194171.92,0.33,2.69,11.854,11.537,10.942,167611.68,169651.21,148312.44,5.99
2015-05-22,11.71,12.37,12.27,11.71,209333.53,0.57,4.87,11.538,11.34,10.837,156011.13,162039.99,145802.65,6.46
2015-05-21,11.22,11.71,11.7,11.16,147695.94,0.44,3.91,11.314,11.131,10.747,138400.42,150004.35,142589.84,4.56
2015-05-20,11.44,11.8,11.26,11.23,154759.8,-0.18,-1.57,11.268,10.949,10.684,144103.63,142162.67,142170.68,4.78
2015-05-19,11.0,11.51,11.44,10.91,132097.19,0.42,3.81,11.268,10.814,10.636,147959.43,138101.44,139709.5,4.08
2015-05-18,10.95,11.1,11.02,10.51,136169.19,-0.13,-1.17,11.22,10.697,10.566,171690.73,137764.46,139903.26,4.2
2015-05-15,11.31,11.42,11.15,11.05,121279.97,-0.32,-2.79,11.142,10.682,10.508,168068.86,143126.2,138217.13,3.74
2015-05-14,11.36,11.86,11.47,11.22,176211.98,0.21,1.86,10.948,10.607,10.438,161608.28,140986.33,137066.12,5.44
2015-05-13,11.16,11.39,11.26,10.93,174038.84,0.06,0.54,10.63,10.512,10.353,140221.7,136927.84,134370.94,5.37
2015-05-12,10.63,11.42,11.2,10.53,250753.69,0.57,5.36,10.36,10.401,10.306,128243.44,133576.56,132842.58,7.74
2015-05-11,10.3,10.64,10.63,10.13,118059.8,0.45,4.42,10.174,10.347,10.258,103838.19,126973.67,126005.31,3.64
2015-05-08,10.0,10.2,10.18,9.93,88977.1,0.3,3.04,10.222,10.334,10.229,118183.53,129565.31,125365.65,2.75
2015-05-07,9.8,10.0,9.88,9.75,69279.09,-0.03,-0.3,10.266,10.362,10.212,120364.39,135175.34,128027.49,2.14
2015-05-06,10.26,10.45,9.91,9.9,114147.5,-0.36,-3.5,10.394,10.419,10.236,133633.97,142178.7,132626.84,3.52
2015-05-05,10.78,10.85,10.27,10.21,128727.45,-0.6,-5.52,10.442,10.458,10.274,138909.68,141317.57,135344.04,3.97
2015-05-04,10.37,10.99,10.87,10.3,189786.53,0.47,4.52,10.52,10.434,10.294,150109.16,142042.07,134542.86,5.86
2015-04-30,10.48,10.63,10.4,10.35,99881.36,-0.12,-1.14,10.446,10.333,10.288,140947.08,133308.06,134001.3,3.08
2015-04-29,9.99,10.56,10.52,9.99,135627.02,0.37,3.65,10.458,10.269,10.287,149986.29,133145.91,135303.0,4.19
2015-04-28,10.6,10.74,10.15,10.1,140526.05,-0.51,-4.78,10.444,10.193,10.277,150723.43,131814.04,136863.69,4.34
2015-04-27,10.51,10.97,10.66,10.51,184724.83,0.16,1.52,10.474,10.211,10.283,143725.45,132108.6,136670.93,5.7
2015-04-24,10.3,10.61,10.5,10.21,143976.12,0.04,0.38,10.348,10.168,10.262,133974.98,125036.95,134001.27,4.45
2015-04-23,10.5,10.58,10.46,10.31,145077.41,0.01,0.1,10.22,10.124,10.248,125669.04,121165.99,133414.51,4.48
2015-04-22,10.32,10.48,10.45,10.3,139312.73,0.15,1.46,10.08,10.062,10.235,116305.53,120879.64,132685.58,4.3
2015-04-21,10.04,10.33,10.3,9.94,105536.17,0.27,2.69,9.942,10.052,10.221,112904.65,123074.97,132243.77,3.26
2015-04-20,9.85,10.18,10.03,9.74,135972.45,0.17,1.72,9.948,10.089,10.215,120491.75,129370.51,134151.46,4.2
2015-04-17,9.85,10.03,9.86,9.75,102446.44,0.1,1.02,9.988,10.154,10.229,116098.92,127043.65,134011.38,3.16
2015-04-16,9.67,9.88,9.76,9.4,98259.86,0.0,0.0,10.028,10.242,10.26,116662.93,134694.54,136641.8,3.03
2015-04-15,10.34,10.34,9.76,9.5,122308.32,-0.57,-5.52,10.044,10.304,10.305,125453.74,137460.08,140131.06,3.78
2015-04-14,10.24,10.53,10.33,10.11,143471.7,0.1,0.98,10.162,10.36,10.36,133245.29,141913.34,141913.34,4.43
2015-04-13,10.08,10.34,10.23,10.06,114008.3,0.17,1.69,10.23,10.363,10.363,138249.28,141740.18,141740.18,3.52
2015-04-10,9.83,10.16,10.06,9.68,105266.48,0.22,2.24,10.32,10.38,10.38,137988.37,145206.67,145206.67,3.25
2015-04-09,10.35,10.35,9.84,9.55,142213.92,-0.51,-4.93,10.456,10.426,10.426,152726.14,150912.41,150912.41,4.39
2015-04-08,10.7,10.73,10.35,10.1,161266.06,-0.32,-3.0,10.564,10.523,10.523,149466.42,152362.16,152362.16,4.98
2015-04-07,10.65,10.77,10.67,10.39,168491.62,-0.01,-0.09,10.558,10.558,10.558,150581.38,150581.38,150581.38,5.2
2015-04-03,10.76,10.77,10.68,10.51,112703.79,-0.06,-0.56,10.53,10.53,10.53,146103.82,146103.82,146103.82,3.48
2015-04-02,10.41,10.91,10.74,10.4,178955.3,0.36,3.47,10.48,10.48,10.48,157237.16,157237.16,157237.16,5.53
2015-04-01,10.33,10.5,10.38,10.22,125915.35,0.06,0.58,10.35,10.35,10.35,146378.1,146378.1,146378.1,3.89
2015-03-31,10.27,10.54,10.32,10.18,166840.84,0.01,0.1,10.32,10.32,10.32,166840.84,166840.84,166840.84,5.15
