date,open,high,close,low,volume,price_change,p_change,ma5,ma10,ma20,v_ma5,v_ma10,v_ma20,turnover
2018-03-29,4.06,4.08,4.08,4.03,40617.22,0.03,0.74,4.042,4.094,4.159,70684.91,68815.68,55552.59,0.08
2018-03-28,4.03,4.06,4.05,4.01,44190.99,-0.01,-0.25,4.062,4.108,4.163,81487.74,68832.67,55834.95,0.09
2018-03-27,4.03,4.08,4.05,4.03,58771.34,0.04,1.0,4.074,4.124,4.168,84690.42,67880.48,56680.1,0.11
2018-03-26,3.98,4.01,4.01,3.91,70885.94,-0.01,-0.25,4.086,4.144,4.174,87514.85,66509.85,56235.22,0.14
2018-03-23,4.12,4.12,4.02,3.97,138959.06,-0.17,-4.06,4.112,4.172,4.182,86002.46,65496.68,55940.85,0.27
2018-03-22,4.12,4.26,4.18,4.08,94631.35,0.06,1.46,4.146,4.194,4.187,66946.45,56697.22,50945.09,0.18
2018-03-21,4.1,4.15,4.11,4.1,60204.41,0.01,0.24,4.154,4.197,4.182,56177.6,50152.06,48631.74,0.12
2018-03-20,4.11,4.12,4.11,4.07,72893.5,-0.03,-0.72,4.174,4.206,4.179,51070.54,47998.42,47474.67,0.14
2018-03-19,4.2,4.2,4.14,4.13,63324.0,-0.05,-1.19,4.202,4.217,4.176,45504.84,45004.78,47180.39,0.12
2018-03-16,4.2,4.22,4.19,4.18,43679.01,-0.02,-0.47,4.232,4.222,4.171,44990.9,42016.0,48187.54,0.09
2018-03-15,4.21,4.24,4.22,4.19,40787.1,0.01,0.24,4.242,4.223,4.163,46447.98,42289.5,53409.06,0.08
2018-03-14,4.25,4.25,4.21,4.21,34669.1,-0.05,-1.17,4.24,4.218,4.165,44126.51,42837.23,54143.42,0.07
2018-03-13,4.29,4.29,4.25,4.24,45065.0,-0.04,-0.93,4.238,4.212,4.166,44926.29,45479.72,55872.12,0.09
2018-03-12,4.25,4.3,4.29,4.24,60754.3,0.05,1.18,4.232,4.203,4.164,44504.72,45960.59,58757.19,0.12
2018-03-09,4.21,4.25,4.24,4.2,50964.41,0.03,0.71,4.212,4.192,4.169,39041.09,46385.01,58576.03,0.1
2018-03-08,4.2,4.23,4.21,4.18,29179.73,0.01,0.24,4.204,4.179,4.175,38131.01,45192.97,59525.14,0.06
2018-03-07,4.23,4.24,4.2,4.2,38668.0,-0.03,-0.71,4.196,4.167,4.184,41547.95,47111.42,62866.81,0.08
2018-03-06,4.19,4.23,4.22,4.18,42957.18,0.03,0.72,4.186,4.152,4.2,46033.15,46950.92,64829.59,0.08
2018-03-05,4.21,4.22,4.19,4.17,33436.15,-0.01,-0.24,4.174,4.134,4.221,47416.45,49356.0,66163.58,0.07
2018-03-02,4.15,4.22,4.2,4.15,46414.0,0.02,0.48,4.172,4.119,4.242,53728.92,54359.08,70267.28,0.09
2018-03-01,4.14,4.18,4.17,4.12,46264.43,0.01,0.24,4.154,4.102,4.267,52254.92,64528.63,71610.43,0.09
2018-02-28,4.14,4.18,4.15,4.11,61094.0,0.0,0.0,4.138,4.111,4.293,52674.88,65449.62,75430.76,0.12
2018-02-27,4.18,4.19,4.16,4.14,49873.66,-0.02,-0.48,4.118,4.119,4.319,47868.68,66264.52,82237.61,0.1
2018-02-26,4.13,4.18,4.18,4.11,64998.52,0.07,1.7,4.094,4.125,4.344,51295.55,71553.8,89692.95,0.13
2018-02-23,4.08,4.13,4.11,4.08,39044.0,0.01,0.24,4.066,4.146,4.363,54989.23,70767.05,90327.46,0.08
2018-02-22,4.07,4.1,4.09,4.05,48364.21,0.04,0.99,4.05,4.171,4.384,76802.34,73857.32,92548.62,0.09
2018-02-14,4.05,4.06,4.05,4.03,37063.0,0.01,0.25,4.084,4.2,4.407,78224.36,78622.2,96840.45,0.07
2018-02-13,4.06,4.09,4.04,4.02,67008.0,0.0,0.0,4.12,4.248,4.43,84660.36,82708.26,99660.72,0.13
2018-02-12,4.05,4.09,4.04,4.0,83466.94,0.01,0.25,4.156,4.307,4.449,91812.06,82971.17,98411.71,0.16
2018-02-09,4.2,4.2,4.03,3.97,148109.56,-0.23,-5.4,4.226,4.365,4.466,86544.86,86175.48,97616.05,0.29
2018-02-08,4.24,4.28,4.26,4.21,55474.29,0.03,0.71,4.292,4.431,4.488,70912.3,78692.22,92765.2,0.11
2018-02-07,4.27,4.29,4.23,4.2,69243.0,0.02,0.47,4.316,4.474,4.499,79020.04,85411.9,93367.85,0.14
2018-02-06,4.35,4.36,4.22,4.2,102766.51,-0.17,-3.87,4.376,4.518,4.512,80756.15,98210.7,95103.65,0.2
2018-02-05,4.36,4.4,4.39,4.32,57130.96,0.03,0.69,4.458,4.563,4.527,74130.28,107832.1,95217.83,0.11
2018-02-02,4.38,4.39,4.36,4.31,69946.72,-0.03,-0.68,4.504,4.579,4.533,85806.09,109887.87,96312.91,0.14
2018-02-01,4.55,4.55,4.38,4.38,96013.0,-0.15,-3.31,4.57,4.596,4.542,86472.14,111239.93,98206.57,0.19
2018-01-31,4.61,4.61,4.53,4.51,77923.58,-0.09,-1.95,4.632,4.614,4.549,91803.77,115058.71,101609.92,0.15
2018-01-30,4.6,4.66,4.63,4.59,69637.13,0.01,0.22,4.66,4.611,4.545,115665.24,116613.18,101092.7,0.14
2018-01-29,4.71,4.71,4.62,4.61,115510.0,-0.07,-1.49,4.668,4.591,4.535,141533.92,113852.25,101163.74,0.23
2018-01-26,4.68,4.73,4.69,4.67,73277.0,0.0,0.0,4.654,4.567,4.522,133969.64,109056.62,98154.49,0.14
2018-01-25,4.66,4.73,4.69,4.62,122671.13,0.02,0.43,4.622,4.545,4.504,136007.72,106838.19,97284.84,0.24
2018-01-24,4.67,4.78,4.67,4.65,197230.94,0.01,0.21,4.596,4.523,4.485,138313.65,101323.79,94005.98,0.38
2018-01-23,4.57,4.67,4.67,4.54,198980.55,0.13,2.86,4.562,4.505,4.469,117561.12,91996.61,87964.15,0.39
2018-01-22,4.49,4.59,4.55,4.49,77688.6,0.02,0.44,4.514,4.491,4.449,86170.57,82603.56,80891.03,0.15
2018-01-19,4.56,4.56,4.53,4.51,83467.37,-0.03,-0.66,4.48,4.487,4.436,84143.59,82737.95,79006.2,0.16
2018-01-18,4.48,4.59,4.56,4.48,134200.77,0.06,1.33,4.468,4.488,4.424,77668.66,85173.21,79210.18,0.26
2018-01-17,4.43,4.53,4.5,4.41,93468.31,0.07,1.58,4.45,4.484,4.413,64333.94,88161.14,74880.84,0.18
2018-01-16,4.41,4.43,4.43,4.4,42027.82,0.04,0.91,4.448,4.479,4.407,66432.1,85572.22,73788.81,0.08
2018-01-15,4.46,4.47,4.38,4.37,67553.69,-0.09,-2.01,4.468,4.478,4.405,79036.54,88475.24,74901.37,0.13
2018-01-12,4.48,4.49,4.47,4.45,51092.71,0.0,0.0,4.494,4.477,4.406,81332.31,87252.37,74602.64,0.1
2018-01-11,4.5,4.5,4.47,4.43,67527.17,-0.02,-0.45,4.508,4.463,4.405,92677.76,87731.49,75729.7,0.13
2018-01-10,4.52,4.53,4.49,4.46,103959.1,-0.05,-1.1,4.518,4.447,4.401,111988.33,86688.17,74319.01,0.2
2018-01-09,4.57,4.59,4.53,4.51,105050.03,0.02,0.44,4.51,4.432,4.395,104712.33,83931.7,71691.16,0.2
2018-01-08,4.54,4.56,4.51,4.5,79032.55,-0.02,-0.44,4.488,4.406,4.392,97913.93,79178.5,69999.6,0.15
2018-01-05,4.51,4.56,4.54,4.48,107819.97,0.03,0.67,4.46,4.385,4.388,93172.42,75274.44,68849.37,0.21
2018-01-04,4.46,4.59,4.52,4.43,164080.02,0.06,1.34,4.418,4.359,4.381,82785.21,73247.14,67021.07,0.32
2018-01-03,4.43,4.47,4.45,4.41,67579.1,0.03,0.68,4.376,4.342,4.373,61388.01,61600.54,62619.39,0.13
2018-01-02,4.37,4.43,4.42,4.35,71058.01,0.05,1.14,4.354,4.335,4.369,63151.07,62005.41,66094.18,0.14
2017-12-29,4.33,4.37,4.37,4.31,55325.01,0.05,1.16,4.324,4.331,4.373,60443.06,61327.51,65867.68,0.11
2017-12-28,4.29,4.34,4.33,4.28,55883.93,0.02,0.46,4.31,4.335,4.382,57376.46,61952.91,65824.18,0.11
2017-12-27,4.32,4.34,4.31,4.29,57094.0,-0.03,-0.69,4.3,4.346,4.392,63709.07,63727.91,66135.88,0.11
2017-12-26,4.27,4.35,4.34,4.25,76394.38,0.07,1.64,4.308,4.355,4.406,61813.07,61949.85,68007.57,0.15
2017-12-25,4.3,4.31,4.27,4.26,57518.0,-0.03,-0.7,4.316,4.358,4.417,60859.76,59450.61,67989.46,0.11
2017-12-22,4.28,4.31,4.3,4.27,39992.0,0.02,0.47,4.338,4.378,4.43,62211.96,60820.7,69799.15,0.08
2017-12-21,4.32,4.33,4.28,4.26,87546.99,-0.07,-1.61,4.36,4.39,4.445,66529.36,62424.3,70614.11,0.17
2017-12-20,4.38,4.38,4.35,4.34,47614.0,-0.03,-0.69,4.392,4.402,4.461,63746.75,60794.99,70853.06,0.09
2017-12-19,4.37,4.4,4.38,4.35,71627.79,0.0,0.0,4.402,4.404,4.479,62086.62,63638.24,73945.76,0.14
2017-12-18,4.41,4.42,4.38,4.35,64279.0,-0.03,-0.68,4.4,4.403,4.494,58041.46,70182.94,74219.82,0.13
2017-12-15,4.43,4.44,4.41,4.37,61579.0,-0.03,-0.68,4.418,4.414,4.51,59429.45,70407.84,76306.33,0.12
2017-12-14,4.4,4.46,4.44,4.38,73633.94,0.04,0.91,4.42,4.429,4.526,58319.24,69695.44,81668.2,0.14
2017-12-13,4.38,4.41,4.4,4.36,39313.38,0.02,0.46,4.412,4.438,4.546,57843.23,68543.85,84745.58,0.08
2017-12-12,4.46,4.46,4.37,4.37,51402.0,-0.1,-2.24,4.406,4.456,4.573,65189.86,74065.28,85627.32,0.1
2017-12-11,4.41,4.47,4.47,4.4,71218.92,0.05,1.13,4.406,4.475,4.602,82324.42,76528.31,87802.11,0.14
2017-12-08,4.39,4.43,4.42,4.37,56027.94,0.02,0.46,4.41,4.481,4.629,81386.24,78777.59,88344.01,0.11
2017-12-07,4.37,4.42,4.4,4.34,71253.92,0.03,0.69,4.438,4.499,4.66,81071.65,78803.93,93364.03,0.14
2017-12-06,4.35,4.38,4.37,4.31,76046.52,0.01,0.23,4.464,4.52,4.691,79244.47,80911.13,93473.82,0.15
2017-12-05,4.5,4.5,4.37,4.35,137074.81,-0.13,-2.89,4.506,4.554,4.724,82940.7,84253.28,95343.84,0.27
2017-12-04,4.56,4.57,4.49,4.48,66528.0,-0.07,-1.53,4.544,4.585,4.757,70732.19,78256.7,93206.3,0.13
2017-12-01,4.52,4.56,4.56,4.51,54455.01,0.04,0.89,4.552,4.606,4.782,76168.94,82204.81,95584.92,0.11
2017-11-30,4.58,4.58,4.53,4.52,62118.0,-0.06,-1.31,4.56,4.622,4.802,76536.21,93640.96,102374.81,0.12
2017-11-29,4.57,4.62,4.58,4.52,94527.7,0.03,0.66,4.576,4.653,4.829,82577.8,100947.31,108637.66,0.18
2017-11-28,4.53,4.56,4.56,4.5,76032.25,0.03,0.66,4.602,4.689,4.859,85565.86,97189.37,111032.77,0.15
2017-11-27,4.6,4.61,4.53,4.51,93711.74,-0.07,-1.52,4.626,4.728,4.892,85781.21,99075.92,114950.34,0.18
2017-11-24,4.58,4.6,4.6,4.56,56291.35,0.0,0.0,4.66,4.776,4.931,88240.68,97910.44,114751.47,0.11
2017-11-23,4.71,4.71,4.61,4.59,92325.95,-0.1,-2.12,4.684,4.82,4.972,110745.72,107924.14,115073.11,0.18
2017-11-22,4.68,4.74,4.71,4.65,109468.01,0.03,0.64,4.73,4.861,5.013,119316.83,106036.5,116539.3,0.21
2017-11-21,4.69,4.7,4.68,4.65,77109.0,-0.02,-0.43,4.776,4.894,5.045,108812.87,106434.39,113785.55,0.15
2017-11-20,4.7,4.71,4.7,4.56,106009.1,-0.02,-0.42,4.83,4.929,5.078,112370.63,108155.89,113592.23,0.21
2017-11-17,4.83,4.86,4.72,4.7,168816.52,-0.12,-2.48,4.892,4.958,5.112,107580.2,108965.03,110527.23,0.33
2017-11-16,4.93,4.95,4.84,4.82,135181.52,-0.09,-1.83,4.956,4.982,5.143,105102.56,111108.67,104199.22,0.26
2017-11-15,4.95,4.97,4.94,4.9,56948.22,-0.01,-0.2,4.992,5.005,5.166,92756.17,116328.01,101441.59,0.11
2017-11-14,5.01,5.01,4.95,4.93,94897.79,-0.05,-1.0,5.012,5.028,5.19,104055.91,124876.18,102677.69,0.19
2017-11-13,5.02,5.03,5.01,4.99,82056.93,-0.03,-0.59,5.028,5.055,5.217,103941.16,130824.76,100288.0,0.16
2017-11-10,5.01,5.04,5.04,4.95,156428.34,0.01,0.2,5.024,5.086,5.241,110349.87,131592.49,100206.32,0.31
2017-11-09,5.04,5.05,5.02,5.01,73449.55,-0.02,-0.4,5.008,5.123,5.265,117114.77,122222.08,95279.43,0.14
2017-11-08,5.03,5.06,5.04,5.01,113446.96,0.01,0.2,5.018,5.164,5.288,139899.86,127042.11,95073.07,0.22
2017-11-07,4.97,5.03,5.03,4.96,94324.0,0.04,0.8,5.044,5.196,5.312,145696.44,121136.71,92670.72,0.18
2017-11-06,4.96,5.0,4.99,4.95,114100.52,0.03,0.6,5.082,5.227,5.336,157708.37,119028.56,91067.53,0.22
2017-11-03,5.06,5.09,4.96,4.91,190252.84,-0.11,-2.17,5.148,5.265,5.361,152835.11,112089.42,89994.95,0.37
2017-11-02,5.18,5.18,5.07,5.04,187375.0,-0.1,-1.93,5.238,5.304,5.386,127329.38,97289.76,83057.42,0.37
2017-11-01,5.21,5.23,5.17,5.15,142429.84,-0.05,-0.96,5.31,5.327,5.404,114184.35,86555.16,78242.13,0.28
2017-10-31,5.27,5.28,5.22,5.17,154383.66,-0.1,-1.88,5.348,5.352,5.421,96576.98,80479.2,74755.92,0.3
2017-10-30,5.37,5.41,5.32,5.31,89734.2,-0.09,-1.66,5.372,5.378,5.434,80348.74,69751.24,70409.42,0.18
2017-10-27,5.42,5.46,5.41,5.4,62724.21,-0.02,-0.37,5.382,5.395,5.442,71343.72,68820.15,73317.31,0.12
2017-10-26,5.35,5.47,5.43,5.34,121649.84,0.07,1.31,5.37,5.406,5.452,67250.15,68336.78,75380.25,0.24
2017-10-25,5.33,5.36,5.36,5.31,54393.0,0.02,0.38,5.344,5.412,5.464,58925.98,63104.03,77797.49,0.11
2017-10-24,5.37,5.37,5.34,5.31,73242.47,-0.03,-0.56,5.356,5.427,5.478,64381.42,64204.73,78056.64,0.14
2017-10-23,5.35,5.37,5.37,5.33,44709.1,0.02,0.37,5.384,5.445,5.493,59153.74,63106.49,78353.67,0.09
2017-10-20,5.31,5.36,5.35,5.28,42256.32,0.05,0.94,5.408,5.456,5.508,66296.58,67900.48,80299.66,0.08
2017-10-19,5.43,5.43,5.3,5.29,80029.0,-0.12,-2.21,5.442,5.467,5.523,69423.42,68825.08,82998.99,0.16
2017-10-18,5.49,5.49,5.42,5.41,81670.21,-0.06,-1.09,5.48,5.481,5.543,67282.07,69929.11,83628.24,0.16
2017-10-17,5.51,5.51,5.48,5.46,47104.05,-0.01,-0.18,5.498,5.489,5.557,64028.03,69032.64,82759.43,0.09
2017-10-16,5.51,5.53,5.49,5.49,80423.3,-0.03,-0.54,5.506,5.489,5.568,67059.25,71067.59,85790.96,0.16
2017-10-13,5.49,5.53,5.52,5.48,57890.52,0.03,0.55,5.504,5.488,5.579,69504.39,77814.46,85932.14,0.11
2017-10-12,5.51,5.52,5.49,5.46,69322.28,-0.02,-0.36,5.492,5.497,5.587,68226.74,82423.71,88796.5,0.14
2017-10-11,5.52,5.53,5.51,5.5,65400.0,-0.01,-0.18,5.482,5.515,5.599,72576.14,92490.95,95576.98,0.13
2017-10-10,5.48,5.52,5.52,5.48,62260.14,0.04,0.73,5.48,5.529,5.615,74037.24,91908.55,109907.57,0.12
2017-10-09,5.51,5.52,5.48,5.46,92649.0,0.02,0.37,5.472,5.541,5.623,75075.94,93600.84,111887.01,0.18
2017-09-29,5.44,5.47,5.46,5.43,51502.29,0.02,0.37,5.472,5.559,5.635,86124.54,92698.84,112695.4,0.1
2017-09-28,5.51,5.52,5.44,5.42,91069.26,-0.06,-1.09,5.502,5.579,5.647,96620.68,97172.9,117394.05,0.18
2017-09-27,5.48,5.53,5.5,5.48,72705.52,0.02,0.36,5.548,5.604,5.662,112405.77,97327.38,118767.14,0.14
2017-09-26,5.5,5.53,5.48,5.47,67453.61,0.0,0.0,5.578,5.624,5.671,109779.86,96486.23,119811.21,0.13
2017-09-25,5.6,5.6,5.48,5.47,147892.0,-0.13,-2.32,5.61,5.646,5.681,112125.74,100514.32,121188.02,0.29
2017-09-22,5.69,5.69,5.61,5.58,103983.0,-0.06,-1.06,5.646,5.669,5.692,99273.14,94049.82,120603.88,0.2
2017-09-21,5.65,5.74,5.67,5.63,169994.7,0.02,0.35,5.656,5.676,5.695,97725.12,95169.28,119873.21,0.33
2017-09-20,5.65,5.66,5.65,5.62,59576.0,0.01,0.18,5.66,5.682,5.691,82248.99,98663.02,114466.57,0.12
2017-09-19,5.66,5.67,5.64,5.63,79183.0,-0.02,-0.35,5.67,5.701,5.69,83192.59,127906.59,114437.12,0.15
2017-09-18,5.65,5.68,5.66,5.64,83628.99,0.0,0.0,5.682,5.705,5.692,88902.9,130173.19,115132.81,0.16
2017-09-15,5.68,5.69,5.66,5.64,96242.9,-0.03,-0.53,5.692,5.71,5.694,88826.5,132691.96,115467.98,0.19
2017-09-14,5.7,5.73,5.69,5.67,92614.06,-0.01,-0.17,5.696,5.715,5.694,92613.45,137615.21,115014.52,0.18
2017-09-13,5.69,5.7,5.7,5.68,64294.01,0.0,0.0,5.704,5.719,5.693,115077.04,140206.9,115465.85,0.13
2017-09-12,5.71,5.74,5.7,5.68,107734.54,-0.01,-0.17,5.732,5.718,5.688,172620.58,143136.2,115786.97,0.21
2017-09-11,5.67,5.74,5.71,5.67,83247.0,0.03,0.53,5.728,5.715,5.682,171443.47,141861.72,117074.49,0.16
2017-09-08,5.73,5.74,5.68,5.67,115177.63,-0.05,-0.87,5.728,5.715,5.681,176557.41,147157.93,117377.54,0.22
2017-09-07,5.79,5.83,5.73,5.71,204932.03,-0.11,-1.88,5.734,5.714,5.678,182616.97,144577.13,121372.86,0.4
2017-09-06,5.66,5.93,5.84,5.65,352011.69,0.16,2.82,5.734,5.699,5.681,165336.75,130270.13,121032.57,0.69
2017-09-05,5.7,5.71,5.68,5.67,101849.0,-0.03,-0.53,5.704,5.678,5.681,113651.81,100967.67,116945.53,0.2
2017-09-04,5.7,5.72,5.71,5.67,108816.71,0.0,0.0,5.702,5.678,5.682,112279.96,100092.43,117839.56,0.21
2017-09-01,5.75,5.76,5.71,5.68,145475.44,-0.02,-0.35,5.702,5.678,5.68,117758.45,98244.0,117652.36,0.28
2017-08-31,5.7,5.76,5.73,5.68,118530.91,0.04,0.7,5.694,5.672,5.677,106537.29,92413.82,117842.23,0.23
2017-08-30,5.67,5.73,5.69,5.65,93587.01,0.02,0.35,5.664,5.666,5.673,95203.51,90724.8,117462.32,0.18
2017-08-29,5.72,5.73,5.67,5.65,94989.73,-0.04,-0.7,5.652,5.657,5.669,88283.52,88437.74,119018.52,0.19
2017-08-28,5.67,5.73,5.71,5.66,136209.16,0.04,0.7,5.654,5.649,5.669,87904.9,92287.27,121714.68,0.27
2017-08-25,5.58,5.69,5.67,5.58,89369.66,0.09,1.61,5.654,5.646,5.667,78729.55,87597.16,123369.95,0.17
2017-08-24,5.63,5.65,5.58,5.58,61862.0,-0.05,-0.89,5.65,5.641,5.666,78290.35,98168.59,123989.24,0.12
2017-08-23,5.69,5.69,5.63,5.63,58987.03,-0.05,-0.88,5.668,5.662,5.668,86246.09,111795.01,127678.77,0.12
2017-08-22,5.72,5.74,5.68,5.66,93096.67,-0.03,-0.53,5.662,5.683,5.67,88591.97,132923.4,130712.72,0.18
2017-08-21,5.67,5.74,5.71,5.65,90332.41,0.06,1.06,5.644,5.685,5.668,96669.64,135586.69,132688.5,0.18
2017-08-18,5.66,5.68,5.65,5.62,87173.62,-0.02,-0.35,5.638,5.682,5.667,96464.76,137060.73,142299.89,0.17
2017-08-17,5.6,5.69,5.67,5.6,101640.73,0.07,1.25,5.632,5.681,5.667,118046.84,143270.65,150653.91,0.2
2017-08-16,5.59,5.62,5.6,5.55,70716.41,0.01,0.18,5.656,5.679,5.662,137343.93,144199.85,155137.27,0.14
2017-08-15,5.65,5.7,5.59,5.58,133485.05,-0.09,-1.58,5.704,5.68,5.659,177254.84,149599.29,161257.5,0.26
2017-08-14,5.62,5.69,5.68,5.6,89307.97,0.06,1.07,5.726,5.688,5.65,174503.73,151142.09,160084.04,0.17
2017-08-11,5.74,5.76,5.62,5.59,195084.02,-0.17,-2.94,5.726,5.688,5.634,177656.69,159142.74,165268.96,0.38
2017-08-10,5.84,5.91,5.79,5.73,198126.19,-0.05,-0.86,5.73,5.69,5.63,168494.46,149809.89,160523.86,0.39
2017-08-09,5.7,5.87,5.84,5.68,270270.97,0.14,2.46,5.702,5.674,5.619,151055.76,143562.54,157873.39,0.53
2017-08-08,5.67,5.74,5.7,5.66,119729.5,0.02,0.35,5.656,5.656,5.602,121943.75,128502.04,150701.01,0.23
2017-08-07,5.63,5.68,5.68,5.59,105072.79,0.04,0.71,5.65,5.65,5.593,127780.45,129790.3,150615.67,0.2
2017-08-04,5.66,5.69,5.64,5.63,149272.84,-0.01,-0.18,5.65,5.652,5.588,140628.78,147539.05,151548.68,0.29
2017-08-03,5.6,5.67,5.65,5.59,110932.71,0.04,0.71,5.65,5.653,5.583,131125.31,158037.17,148557.44,0.22
2017-08-02,5.68,5.69,5.61,5.6,124710.91,-0.06,-1.06,5.646,5.644,5.578,136069.31,166074.69,150027.3,0.24
2017-08-01,5.67,5.74,5.67,5.66,148913.0,-0.01,-0.18,5.656,5.638,5.576,135060.32,172915.71,149445.55,0.29
2017-07-31,5.63,5.69,5.68,5.62,169314.45,0.04,0.71,5.65,5.611,5.569,131800.16,169026.0,148216.32,0.33
2017-07-28,5.63,5.67,5.64,5.6,101755.5,0.01,0.18,5.654,5.579,5.564,154449.31,171395.18,145933.14,0.2
2017-07-27,5.64,5.65,5.63,5.58,135652.69,-0.03,-0.53,5.656,5.569,5.56,184949.02,171237.84,146262.26,0.26
2017-07-26,5.67,5.69,5.66,5.61,119665.98,0.02,0.35,5.642,5.563,5.555,196080.07,172184.25,145851.97,0.23
2017-07-25,5.69,5.73,5.64,5.62,132612.17,-0.06,-1.05,5.62,5.547,5.551,210771.09,172899.98,144144.27,0.26
2017-07-24,5.63,5.82,5.7,5.62,282560.22,0.05,0.89,5.572,5.536,5.548,206251.84,171441.04,143005.33,0.55
2017-07-21,5.56,5.68,5.65,5.54,254254.05,0.09,1.62,5.504,5.524,5.54,188341.04,155558.32,135407.85,0.5
2017-07-20,5.55,5.61,5.56,5.53,191307.95,0.01,0.18,5.482,5.513,5.529,157526.66,139077.71,127432.57,0.37
2017-07-19,5.39,5.55,5.55,5.37,193121.05,0.15,2.78,5.484,5.511,5.524,148288.43,133979.91,124585.26,0.38
2017-07-18,5.34,5.41,5.4,5.31,110015.91,0.04,0.75,5.474,5.513,5.52,135028.88,125975.39,119666.32,0.21
2017-07-17,5.54,5.54,5.36,5.2,193006.23,-0.18,-3.25,5.5,5.527,5.522,136630.24,127406.64,118727.9,0.38
2017-07-14,5.56,5.57,5.54,5.51,100182.17,-0.03,-0.54,5.544,5.549,5.525,122775.6,120471.11,113679.94,0.2
2017-07-13,5.5,5.59,5.57,5.48,145116.77,0.07,1.27,5.544,5.551,5.517,120628.77,121286.68,114152.29,0.28
2017-07-12,5.52,5.54,5.5,5.47,126823.31,-0.03,-0.54,5.538,5.547,5.516,119671.39,119519.69,112431.61,0.25
2017-07-11,5.57,5.58,5.53,5.52,118022.72,-0.05,-0.9,5.552,5.555,5.517,116921.9,115388.57,112184.13,0.23
2017-07-10,5.52,5.6,5.58,5.52,123733.02,0.04,0.72,5.554,5.56,5.516,118183.03,114569.62,111902.87,0.24
2017-07-07,5.53,5.56,5.54,5.52,89448.01,0.0,0.0,5.554,5.555,5.512,118166.62,115257.39,112572.92,0.17
2017-07-06,5.58,5.58,5.54,5.49,140329.88,-0.03,-0.54,5.558,5.544,5.511,121944.6,115787.43,114534.63,0.27
2017-07-05,5.54,5.57,5.57,5.54,113075.85,0.03,0.54,5.556,5.537,5.507,119367.99,115190.6,114009.17,0.22
2017-07-04,5.59,5.62,5.54,5.54,124328.41,-0.04,-0.72,5.558,5.527,5.504,113855.24,113357.24,115188.42,0.24
2017-07-03,5.54,5.64,5.58,5.54,123650.95,0.02,0.36,5.566,5.516,5.499,110956.2,110049.17,114236.94,0.24
2017-06-30,5.51,5.58,5.56,5.49,108337.9,0.03,0.54,5.556,5.5,5.492,112348.16,106888.77,116276.43,0.21
2017-06-29,5.58,5.59,5.53,5.52,127446.85,-0.05,-0.9,5.53,5.482,5.481,109630.27,107017.9,116144.23,0.25
2017-06-28,5.57,5.62,5.58,5.53,85512.07,0.0,0.0,5.518,5.484,5.467,111013.22,105343.53,115433.8,0.17
2017-06-27,5.54,5.59,5.58,5.51,109833.21,0.05,0.9,5.496,5.478,5.455,112859.25,108979.7,122452.2,0.21
2017-06-26,5.45,5.54,5.53,5.42,130610.75,0.1,1.84,5.466,5.471,5.444,109142.14,109236.13,124230.92,0.25
2017-06-23,5.46,5.47,5.43,5.38,94748.45,-0.04,-0.73,5.444,5.468,5.435,101429.39,109888.46,127913.04,0.18
2017-06-22,5.46,5.52,5.47,5.46,134361.61,0.0,0.0,5.434,5.477,5.431,104405.54,113281.84,132008.41,0.26
2017-06-21,5.43,5.48,5.47,5.43,94742.24,0.04,0.74,5.45,5.476,5.419,99673.83,112827.74,134857.18,0.18
2017-06-20,5.43,5.44,5.43,5.36,91247.63,0.01,0.18,5.46,5.48,5.415,105100.15,117019.6,141811.63,0.18
2017-06-19,5.38,5.44,5.42,5.37,92047.0,0.04,0.74,5.476,5.482,5.423,109330.13,118424.72,142098.98,0.18
2017-06-16,5.45,5.46,5.38,5.33,109629.22,-0.07,-1.28,5.492,5.484,5.434,118347.52,125664.1,141739.54,0.21
2017-06-15,5.52,5.57,5.55,5.51,110703.07,0.03,0.54,5.52,5.479,5.451,122158.13,125270.55,142684.07,0.22
2017-06-14,5.51,5.56,5.52,5.5,121873.83,0.01,0.18,5.502,5.45,5.458,125981.64,125524.08,147743.84,0.24
2017-06-13,5.48,5.53,5.51,5.48,112397.52,0.01,0.18,5.5,5.432,5.465,128939.06,135924.7,149108.4,0.22
2017-06-12,5.52,5.54,5.5,5.46,137133.98,-0.02,-0.36,5.488,5.417,5.474,127519.31,139225.72,150984.61,0.27
2017-06-09,5.47,5.54,5.52,5.45,128682.27,0.06,1.1,5.476,5.402,5.489,132980.67,145937.63,155577.75,0.25
2017-06-08,5.51,5.52,5.46,5.45,129820.6,-0.05,-0.91,5.438,5.385,5.505,128382.96,150734.97,158425.4,0.25
2017-06-07,5.47,5.52,5.51,5.45,136660.91,0.06,1.1,5.398,5.361,5.534,125066.51,156886.62,162479.28,0.27
2017-06-06,5.43,5.48,5.45,5.4,105298.8,0.01,0.18,5.364,5.35,5.554,142910.34,166603.66,169865.62,0.21
2017-06-05,5.35,5.46,5.44,5.33,164440.77,0.11,2.06,5.346,5.364,5.589,150932.12,165773.24,178624.76,0.32
2017-06-02,5.24,5.35,5.33,5.23,105693.73,0.07,1.33,5.328,5.384,5.626,158894.59,157814.97,185933.37,0.21
2017-06-01,5.32,5.33,5.26,5.23,113238.34,-0.08,-1.5,5.332,5.422,5.662,173086.98,160097.6,189234.65,0.22
2017-05-31,5.41,5.45,5.34,5.3,225880.08,-0.02,-0.37,5.324,5.466,5.705,188706.74,169963.61,193144.86,0.44
2017-05-26,5.35,5.44,5.36,5.32,145407.69,0.01,0.19,5.336,5.497,5.741,190296.97,162292.1,191263.52,0.28
2017-05-25,5.35,5.4,5.35,5.21,204253.12,0.0,0.0,5.382,5.531,5.774,180614.37,162743.51,196793.22,0.4
2017-05-24,5.21,5.38,5.35,5.13,176655.69,0.13,2.49,5.44,5.575,5.805,156735.36,165217.86,192956.77,0.34
2017-05-23,5.35,5.41,5.22,5.18,191337.11,-0.18,-3.33,5.512,5.625,5.835,147108.22,166115.82,196162.4,0.37
2017-05-22,5.56,5.6,5.4,5.32,233831.25,-0.19,-3.4,5.608,5.707,5.873,151220.49,168071.93,204656.86,0.46
2017-05-19,5.62,5.67,5.59,5.58,96994.66,-0.05,-0.89,5.658,5.758,5.921,134287.24,173127.58,203034.23,0.19
2017-05-18,5.63,5.72,5.64,5.62,84858.07,-0.07,-1.23,5.68,5.813,5.965,144872.65,191476.28,210395.66,0.17
2017-05-17,5.68,5.75,5.71,5.66,128520.0,0.01,0.17,5.71,5.867,6.002,173700.36,214051.77,221138.06,0.25
2017-05-16,5.62,5.7,5.7,5.5,211898.45,0.05,0.89,5.738,5.901,6.041,185123.42,218371.69,226336.53,0.41
2017-05-15,5.75,5.77,5.65,5.6,149165.0,-0.05,-0.88,5.806,5.943,6.082,184923.38,216326.1,228421.18,0.29
2017-05-12,5.8,5.8,5.7,5.68,149921.75,-0.09,-1.55,5.858,5.985,6.125,211967.93,220234.93,236084.38,0.29
2017-05-11,5.81,5.88,5.79,5.6,228996.62,-0.06,-1.03,5.946,6.016,6.17,238079.91,230842.94,242687.65,0.45
2017-05-10,6.01,6.04,5.85,5.84,185635.3,-0.19,-3.15,6.024,6.034,6.209,254403.18,220695.67,251231.55,0.36
2017-05-09,5.89,6.08,6.04,5.76,210898.22,0.13,2.2,6.064,6.044,6.257,251619.95,226208.98,271161.17,0.41
2017-05-08,6.11,6.14,5.91,5.85,284387.75,-0.23,-3.75,6.08,6.038,6.289,247728.82,241241.8,282187.06,0.55
2017-05-05,6.14,6.21,6.14,6.06,280481.66,-0.04,-0.65,6.112,6.084,6.332,228501.93,232940.87,299407.32,0.55
2017-05-04,6.04,6.25,6.18,5.97,310612.97,0.13,2.15,6.086,6.117,6.353,223605.97,229315.03,311905.07,0.61
2017-05-03,6.11,6.16,6.05,6.0,171719.17,-0.07,-1.14,6.044,6.137,6.373,186988.16,228224.36,322908.45,0.34
2017-05-02,6.07,6.19,6.12,6.07,191442.56,0.05,0.82,6.024,6.18,6.389,200798.01,234301.37,343657.7,0.37
2017-04-28,5.98,6.08,6.07,5.92,188253.3,0.06,1.0,5.996,6.22,6.403,234754.77,240516.27,383796.72,0.37
2017-04-27,5.94,6.04,6.01,5.71,256001.84,0.04,0.67,6.056,6.264,6.409,237379.81,251933.83,394957.53,0.5
2017-04-26,5.93,6.01,5.97,5.91,127523.93,0.02,0.34,6.148,6.324,6.416,235024.09,254532.35,390964.64,0.25
2017-04-25,6.02,6.08,5.95,5.9,240768.41,-0.03,-0.5,6.23,6.383,6.425,269460.55,281767.43,400315.35,0.47
2017-04-24,6.38,6.39,5.98,5.96,361226.38,-0.39,-6.12,6.336,6.47,6.44,267804.73,316113.36,411013.01,0.7
2017-04-21,6.45,6.53,6.37,6.31,201378.5,-0.1,-1.55,6.444,6.54,6.446,246277.76,323132.32,403454.33,0.39
2017-04-20,6.37,6.47,6.47,6.3,244223.23,0.09,1.41,6.472,6.58,6.431,266487.84,365873.77,407254.95,0.48
2017-04-19,6.45,6.53,6.38,6.27,299706.25,-0.1,-1.54,6.5,6.589,6.41,274040.61,394495.11,404242.25,0.58
2017-04-18,6.59,6.59,6.48,6.47,232489.27,-0.04,-0.61,6.536,6.608,6.39,294074.3,417592.54,394460.08,0.45
2017-04-17,6.48,6.67,6.52,6.48,253591.55,0.01,0.15,6.604,6.597,6.361,364421.99,453014.04,389032.17,0.49
2017-04-14,6.55,6.71,6.51,6.45,302428.91,-0.1,-1.51,6.636,6.586,6.335,399986.89,527077.18,382285.48,0.59
2017-04-13,6.49,6.71,6.61,6.47,281987.09,0.05,0.76,6.688,6.553,6.305,465259.71,537981.23,372008.29,0.55
2017-04-12,6.77,6.77,6.56,6.51,399874.69,-0.26,-3.81,6.678,6.507,6.27,514949.61,527396.93,361888.24,0.78
2017-04-11,6.62,6.87,6.82,6.5,584227.69,0.14,2.1,6.68,6.467,6.239,541110.77,518863.28,348600.65,1.14
2017-04-10,6.72,6.88,6.68,6.65,431416.06,-0.09,-1.33,6.59,6.409,6.193,541606.09,505912.66,322076.75,0.84
2017-04-07,6.57,6.85,6.77,6.52,628793.0,0.21,3.2,6.536,6.351,6.155,654167.46,483776.33,305474.9,1.23
2017-04-06,6.53,6.73,6.56,6.5,530436.62,-0.01,-0.15,6.418,6.282,6.116,610702.76,448636.12,278869.87,1.03
2017-04-05,6.3,6.65,6.57,6.3,530680.5,0.2,3.14,6.336,6.231,6.088,539844.25,413989.38,258707.3,1.04
2017-03-31,6.32,6.48,6.37,6.28,586704.25,-0.04,-0.62,6.254,6.171,6.057,496615.79,371327.63,236590.53,1.14
2017-03-30,6.14,6.8,6.41,6.14,994222.94,0.23,3.72,6.228,6.125,6.035,470219.24,325050.31,217250.53,1.94
2017-03-29,6.15,6.29,6.18,6.1,411469.5,0.03,0.49,6.166,6.083,6.016,313385.19,237493.78,176372.45,0.8
2017-03-28,6.16,6.19,6.15,6.13,176144.06,-0.01,-0.16,6.146,6.057,6.01,286569.48,206035.34,162380.42,0.34
2017-03-27,6.24,6.27,6.16,6.15,314538.19,-0.08,-1.28,6.126,6.033,6.004,288134.5,196379.54,160159.21,0.61
2017-03-24,6.09,6.28,6.24,6.08,454721.5,0.14,2.29,6.088,6.01,5.997,246039.47,178338.02,151568.45,0.89
2017-03-23,6.09,6.15,6.1,6.03,210052.72,0.02,0.33,6.022,5.977,5.987,179881.39,138240.84,136173.64,0.41
2017-03-22,6.04,6.15,6.08,6.0,277390.91,0.03,0.5,6.0,5.958,5.984,161602.36,127173.47,133447.76,0.54
2017-03-21,5.95,6.05,6.05,5.95,183969.2,0.08,1.34,5.968,5.949,5.985,125501.21,109103.62,130332.85,0.36
2017-03-20,5.88,5.98,5.97,5.88,104063.0,0.06,1.01,5.94,5.944,5.989,104624.58,103425.23,129850.04,0.2
2017-03-17,6.0,6.01,5.91,5.9,123931.12,-0.08,-1.34,5.932,5.943,5.998,110636.58,101853.44,140573.34,0.24
2017-03-16,5.92,5.99,5.99,5.92,118657.59,0.07,1.18,5.932,5.945,6.008,96600.28,109450.74,153620.99,0.23
2017-03-15,5.91,5.94,5.92,5.88,96885.15,0.01,0.17,5.916,5.949,6.018,92744.57,115251.11,167225.41,0.19
2017-03-14,5.9,5.96,5.91,5.9,79586.02,-0.02,-0.34,5.93,5.962,6.024,92706.03,118725.5,179151.27,0.16
2017-03-13,5.9,5.94,5.93,5.85,134123.02,0.02,0.34,5.948,5.975,6.033,102225.89,123938.87,187134.16,0.26
2017-03-10,5.9,5.94,5.91,5.89,53749.64,0.0,0.0,5.954,5.983,6.04,93070.3,124798.88,200691.95,0.1
2017-03-09,5.97,5.98,5.91,5.9,99379.0,-0.08,-1.34,5.958,5.996,6.046,122301.2,134106.45,219884.39,0.19
2017-03-08,6.0,6.0,5.99,5.92,96692.48,-0.01,-0.17,5.982,6.01,6.046,137757.66,139722.05,226433.89,0.19
2017-03-07,5.94,6.01,6.0,5.94,127185.29,0.04,0.67,5.994,6.021,6.04,144744.96,151562.08,226541.89,0.25
2017-03-06,5.92,5.98,5.96,5.91,88345.09,0.03,0.51,6.002,6.034,6.034,145651.86,156274.84,225398.25,0.17
2017-03-03,6.01,6.03,5.93,5.91,199904.16,-0.1,-1.66,6.012,6.053,6.031,156527.46,179293.25,226701.69,0.39
2017-03-02,6.06,6.13,6.03,6.02,176661.27,-0.02,-0.33,6.034,6.071,6.029,145911.69,197791.24,219770.22,0.34
2017-03-01,6.02,6.07,6.05,6.01,131628.98,0.01,0.17,6.038,6.086,6.023,141686.44,219199.7,216138.18,0.26
2017-02-28,5.99,6.04,6.04,5.99,131719.8,0.03,0.5,6.048,6.085,6.016,158379.2,239577.04,213794.07,0.26
2017-02-27,6.04,6.08,6.01,6.0,142723.11,-0.03,-0.5,6.066,6.091,6.011,166897.83,250329.44,211344.51,0.28
2017-02-24,6.05,6.06,6.04,6.0,146825.31,-0.01,-0.17,6.094,6.096,6.008,202059.03,276585.01,212508.76,0.29
2017-02-23,6.1,6.12,6.05,6.04,155535.0,-0.05,-0.82,6.108,6.095,6.001,249670.79,305662.32,214098.19,0.3
2017-02-22,6.13,6.14,6.1,6.05,215092.8,-0.03,-0.49,6.134,6.081,5.989,296712.97,313145.72,212819.05,0.42
2017-02-21,6.15,6.18,6.13,6.1,174312.91,-0.02,-0.33,6.122,6.059,5.978,320774.87,301521.71,212139.08,0.34
2017-02-20,6.09,6.16,6.15,6.08,318529.12,0.04,0.66,6.116,6.034,5.963,333761.05,294521.65,209391.44,0.62
2017-02-17,6.2,6.22,6.11,6.1,384884.12,-0.07,-1.13,6.098,6.009,5.947,351110.99,274110.14,214856.75,0.75
2017-02-16,6.03,6.18,6.18,6.01,390745.88,0.14,2.32,6.082,5.987,5.929,361653.86,241749.19,203413.35,0.76
2017-02-15,6.09,6.15,6.04,6.01,335402.31,-0.06,-0.98,6.028,5.96,5.905,329578.48,213076.65,192794.14,0.65
2017-02-14,6.05,6.13,6.1,6.01,239243.84,0.04,0.66,5.996,5.947,5.894,282268.54,188011.11,186497.82,0.47
2017-02-13,6.05,6.11,6.06,5.98,405278.81,0.03,0.5,5.952,5.93,5.878,255282.25,172359.57,181739.06,0.79
2017-02-10,5.93,6.14,6.03,5.91,437598.44,0.12,2.03,5.92,5.919,5.867,197109.29,148432.51,172534.76,0.85
2017-02-09,5.88,5.94,5.91,5.86,230369.0,0.03,0.51,5.892,5.906,5.852,121844.53,122534.06,158929.48,0.45
2017-02-08,5.85,5.89,5.88,5.81,98852.63,0.0,0.0,5.892,5.897,5.844,96574.83,112492.39,153780.56,0.19
2017-02-07,5.9,5.91,5.88,5.83,104312.39,-0.02,-0.34,5.898,5.896,5.837,93753.67,122756.45,159127.51,0.2
2017-02-06,5.9,5.93,5.9,5.84,114414.0,0.01,0.17,5.908,5.892,5.825,89436.89,124261.23,157987.68,0.22
2017-02-03,5.91,5.92,5.89,5.87,61274.62,-0.02,-0.34,5.918,5.885,5.809,99755.73,155603.35,159126.2,0.12
2017-01-26,5.92,5.94,5.91,5.86,104020.51,0.0,0.0,5.92,5.871,5.797,123223.58,165077.51,160018.94,0.2
2017-01-25,5.91,5.95,5.91,5.89,84746.85,-0.02,-0.34,5.902,5.849,5.783,128409.94,172511.63,159935.19,0.17
2017-01-24,5.94,5.95,5.93,5.9,82728.49,-0.02,-0.34,5.894,5.84,5.774,151759.23,184984.53,162252.54,0.16
2017-01-23,5.9,5.97,5.95,5.88,166008.19,0.05,0.85,5.876,5.826,5.766,159085.56,191118.54,166741.7,0.32
2017-01-20,5.8,5.93,5.9,5.79,178613.88,0.08,1.38,5.852,5.815,5.751,211450.98,196637.01,164427.53,0.35
2017-01-19,5.85,5.94,5.82,5.81,129952.3,-0.05,-0.85,5.822,5.798,5.743,206931.43,195324.9,164601.0,0.25
2017-01-18,5.84,5.94,5.87,5.81,201493.31,0.03,0.51,5.796,5.79,5.737,216613.32,195068.73,167953.23,0.39
2017-01-17,5.79,5.85,5.84,5.76,119360.11,0.01,0.17,5.786,5.778,5.723,218209.83,195498.57,161972.85,0.23
2017-01-16,5.78,5.88,5.83,5.58,427835.28,0.08,1.39,5.776,5.758,5.712,223151.53,191714.13,163125.72,0.83
2017-01-13,5.67,5.78,5.75,5.61,156016.16,0.06,1.05,5.778,5.733,5.705,181823.04,162649.04,147985.7,0.3
2017-01-12,5.8,5.82,5.69,5.67,178361.73,-0.13,-2.23,5.774,5.722,5.7,183718.36,154960.38,153573.55,0.35
2017-01-11,5.8,5.87,5.82,5.76,209475.88,0.03,0.52,5.784,5.717,5.694,173524.15,147358.74,153500.2,0.41
2017-01-10,5.82,5.86,5.79,5.78,144068.58,-0.05,-0.86,5.77,5.707,5.685,172787.31,139520.55,152116.24,0.28
2017-01-09,5.73,5.84,5.84,5.72,221192.84,0.11,1.92,5.74,5.705,5.674,160276.73,142364.85,164150.78,0.43
2017-01-06,5.75,5.8,5.73,5.72,165492.77,-0.01,-0.17,5.688,5.687,5.668,143475.04,132218.05,170144.69,0.32
2017-01-05,5.73,5.78,5.74,5.71,127390.67,-0.01,-0.17,5.67,5.688,5.666,126202.39,133877.1,171405.67,0.25
2017-01-04,5.62,5.76,5.75,5.61,205791.67,0.11,1.95,5.65,5.684,5.668,121193.34,140837.73,176207.81,0.4
2017-01-03,5.58,5.65,5.64,5.57,81515.69,0.06,1.07,5.644,5.667,5.668,106253.79,128447.14,177351.19,0.16
2016-12-30,5.68,5.69,5.58,5.55,137184.38,-0.06,-1.06,5.67,5.665,5.679,124452.98,134537.31,193624.33,0.27
2016-12-29,5.63,5.69,5.64,5.6,79129.54,0.0,0.0,5.686,5.676,5.701,120961.05,133322.37,209204.67,0.15
2016-12-28,5.73,5.74,5.64,5.63,102345.41,-0.08,-1.4,5.706,5.677,5.726,141551.82,152186.73,223115.99,0.2
2016-12-27,5.76,5.79,5.72,5.7,131093.95,-0.05,-0.87,5.718,5.67,5.747,160482.11,159641.66,246473.27,0.26
2016-12-26,5.64,5.82,5.77,5.55,172511.62,0.11,1.94,5.69,5.662,5.775,150640.48,164711.93,281476.31,0.34
2016-12-23,5.74,5.74,5.66,5.65,119724.75,-0.08,-1.39,5.66,5.643,5.791,144621.63,185936.71,290346.58,0.23
2016-12-22,5.7,5.79,5.74,5.68,182083.36,0.04,0.7,5.666,5.648,5.809,145683.69,208071.34,294519.48,0.36
2016-12-21,5.61,5.74,5.7,5.58,196996.89,0.12,2.15,5.648,5.643,5.82,162821.64,208934.24,292853.13,0.38
2016-12-20,5.61,5.63,5.58,5.56,81885.79,-0.04,-0.71,5.622,5.651,5.835,158801.2,211577.88,297942.99,0.16
2016-12-19,5.68,5.74,5.62,5.58,142417.38,-0.07,-1.23,5.634,5.669,5.86,178783.37,226255.25,317809.2,0.28
2016-12-16,5.65,5.72,5.69,5.62,125035.04,0.04,0.71,5.626,5.692,5.875,227251.79,252711.36,329230.81,0.24
2016-12-15,5.54,5.76,5.65,5.54,267773.12,0.08,1.44,5.63,5.725,5.883,270458.98,285086.97,336552.65,0.52
2016-12-14,5.63,5.66,5.57,5.52,176894.69,-0.07,-1.24,5.638,5.775,5.9,255046.84,294045.25,340901.71,0.35
2016-12-13,5.55,5.65,5.64,5.51,181796.64,0.06,1.07,5.68,5.823,5.915,264354.56,333304.88,342645.28,0.35
2016-12-12,5.7,5.7,5.58,5.47,384759.44,-0.13,-2.28,5.704,5.888,5.928,273727.13,398240.7,346286.52,0.75
2016-12-09,5.69,5.76,5.71,5.66,341071.0,0.02,0.35,5.758,5.939,5.947,278170.94,394756.45,358288.71,0.67
2016-12-08,5.78,5.79,5.69,5.67,190712.44,-0.09,-1.56,5.82,5.97,5.949,299714.96,380967.62,376847.41,0.37
2016-12-07,5.74,5.81,5.78,5.7,223433.3,0.02,0.35,5.912,5.997,5.952,333043.65,376772.01,396267.23,0.44
2016-12-06,5.82,5.92,5.76,5.75,228659.45,-0.08,-1.37,5.966,6.018,5.933,402255.19,384308.1,395549.04,0.45
2016-12-05,5.84,5.93,5.85,5.78,406978.5,-0.17,-2.82,6.072,6.05,5.919,522754.28,409363.14,392742.17,0.79
2016-12-02,6.14,6.21,6.02,5.95,448791.12,-0.13,-2.11,6.12,6.057,5.9,511341.97,405750.25,378916.48,0.88
2016-12-01,6.06,6.17,6.15,6.02,357355.88,0.11,1.82,6.12,6.04,5.873,462220.28,388018.32,364758.61,0.7
2016-11-30,6.25,6.31,6.05,6.0,569491.0,-0.25,-3.97,6.082,6.024,5.844,420500.37,387758.18,358932.8,1.11
2016-11-29,6.03,6.45,6.29,6.0,831154.88,0.2,3.28,6.07,6.006,5.815,366361.0,351985.68,337019.53,1.62
2016-11-28,6.05,6.18,6.09,5.99,349916.97,0.07,1.16,6.028,5.968,5.774,295972.01,294332.35,300311.67,0.68
2016-11-25,5.95,6.03,6.02,5.82,203182.69,0.06,1.01,5.994,5.954,5.744,300158.54,321820.97,288210.95,0.4
2016-11-24,5.96,6.03,5.96,5.93,148756.31,-0.04,-0.67,5.96,5.928,5.715,313816.36,372727.19,284845.38,0.29
2016-11-23,6.07,6.14,5.99,5.97,298794.16,-0.08,-1.32,5.966,5.906,5.695,355015.99,415762.46,282887.21,0.58
2016-11-22,5.95,6.25,6.08,5.91,479209.91,0.15,2.53,5.942,5.848,5.676,337610.37,406789.98,275772.05,0.93
2016-11-21,5.81,6.05,5.92,5.81,370849.62,0.08,1.37,5.908,5.788,5.654,292692.68,376121.2,264937.0,0.72
2016-11-18,5.98,6.04,5.85,5.83,271471.81,-0.14,-2.34,5.914,5.742,5.639,343483.4,352082.71,270353.09,0.53
2016-11-17,5.84,6.05,5.99,5.78,354754.47,0.12,2.04,5.896,5.705,5.623,431638.02,341498.89,280797.55,0.69
2016-11-16,5.92,5.93,5.87,5.83,211766.02,-0.04,-0.68,5.846,5.663,5.592,476508.92,330107.41,268842.52,0.41
2016-11-15,5.92,5.94,5.91,5.86,254621.5,-0.04,-0.67,5.754,5.623,5.571,475969.6,322053.38,264997.07,0.5
2016-11-14,5.79,6.04,5.95,5.77,624803.19,0.18,3.12,5.668,5.58,5.549,459549.71,306291.0,263112.73,1.22
2016-11-11,5.73,5.9,5.76,5.65,712244.94,0.03,0.52,5.57,5.533,5.518,360682.03,254600.93,240049.98,1.39
2016-11-10,5.43,5.95,5.74,5.42,579108.94,0.33,6.1,5.514,5.502,5.5,251359.75,196963.56,213390.08,1.13
2016-11-09,5.48,5.48,5.41,5.35,209069.44,-0.08,-1.46,5.48,5.484,5.48,183705.9,150011.96,190436.81,0.41
2016-11-08,5.46,5.53,5.48,5.43,172522.06,0.02,0.37,5.492,5.503,5.474,168137.15,144754.11,183385.23,0.34
2016-11-07,5.46,5.49,5.46,5.42,130464.77,-0.02,-0.36,5.492,5.52,5.463,153032.28,153752.79,178569.53,0.25
2016-11-04,5.56,5.58,5.48,5.46,165633.55,-0.09,-1.62,5.496,5.536,5.451,148519.83,188623.48,175837.61,0.32
2016-11-03,5.48,5.64,5.57,5.44,240839.69,0.11,2.02,5.49,5.54,5.436,142567.37,220096.21,171049.22,0.47
2016-11-02,5.47,5.53,5.47,5.43,131225.69,-0.02,-0.36,5.488,5.521,5.415,116318.01,207577.63,162258.15,0.26
2016-11-01,5.48,5.51,5.48,5.45,96997.68,0.0,0.0,5.514,5.519,5.401,121371.07,207940.76,158007.48,0.19
2016-10-31,5.43,5.5,5.48,5.43,107902.54,0.03,0.55,5.548,5.517,5.387,154473.31,219934.46,156943.21,0.21
2016-10-28,5.55,5.6,5.45,5.45,135871.23,-0.1,-1.8,5.576,5.503,5.371,228727.12,225499.04,156534.53,0.27
2016-10-27,5.59,5.62,5.56,5.53,109592.92,-0.03,-0.54,5.59,5.497,5.365,297625.06,229816.61,152015.57,0.21
2016-10-26,5.61,5.65,5.6,5.57,156490.98,-0.04,-0.71,5.554,5.476,5.355,298837.24,230861.67,149749.13,0.31
2016-10-25,5.67,5.67,5.65,5.53,262508.88,0.02,0.35,5.524,5.444,5.342,294510.44,222016.35,145237.33,0.51
2016-10-24,5.49,5.76,5.62,5.48,479171.59,0.1,1.81,5.486,5.405,5.328,285395.61,203386.27,135789.33,0.93
2016-10-21,5.39,5.69,5.52,5.35,480360.94,0.13,2.41,5.43,5.366,5.317,222270.96,163051.75,117650.55,0.94
2016-10-20,5.43,5.46,5.38,5.38,115653.81,-0.06,-1.1,5.404,5.331,5.308,162008.16,122002.22,99264.55,0.23
2016-10-19,5.47,5.49,5.45,5.4,134856.98,-0.02,-0.37,5.398,5.309,5.308,162886.1,116938.67,98441.17,0.26
2016-10-18,5.35,5.5,5.46,5.32,216934.75,0.11,2.06,5.364,5.282,5.305,149522.26,108074.21,101742.97,0.42
2016-10-17,5.39,5.42,5.34,5.34,163548.31,-0.05,-0.93,5.324,5.256,5.299,121376.92,93951.96,95373.4,0.32
2016-10-14,5.34,5.41,5.39,5.31,179046.95,0.04,0.75,5.302,5.239,5.301,103832.55,87570.01,90687.93,0.35
2016-10-13,5.28,5.35,5.35,5.26,120043.49,0.07,1.33,5.258,5.233,5.3,81996.29,74214.53,87081.63,0.23
2016-10-12,5.25,5.3,5.28,5.24,68037.79,0.02,0.38,5.22,5.233,5.301,70991.25,68636.58,86778.33,0.13
2016-10-11,5.24,5.27,5.26,5.23,76208.06,0.02,0.38,5.2,5.24,5.302,66626.17,68458.31,86965.46,0.15
2016-10-10,5.2,5.25,5.23,5.19,75826.44,0.06,1.16,5.188,5.25,5.305,66527.0,68192.4,89486.36,0.15
2016-09-30,5.17,5.19,5.17,5.13,69865.65,0.01,0.19,5.176,5.268,5.306,71307.48,72249.34,89656.05,0.14
2016-09-29,5.17,5.21,5.16,5.16,65018.31,-0.01,-0.19,5.208,5.285,5.312,66432.77,76526.88,89356.58,0.13
2016-09-28,5.18,5.22,5.18,5.16,46212.38,-0.02,-0.39,5.246,5.307,5.318,66281.92,79943.66,89604.11,0.09
2016-09-27,5.18,5.21,5.2,5.15,75712.23,0.03,0.58,5.28,5.327,5.324,70290.45,95411.72,90616.7,0.15
2016-09-26,5.3,5.32,5.17,5.17,99728.82,-0.15,-2.82,5.312,5.342,5.329,69857.79,96794.84,89879.95,0.19
2016-09-23,5.35,5.37,5.33,5.31,45492.12,-0.02,-0.37,5.36,5.362,5.335,73191.21,93805.84,88657.82,0.09
2016-09-22,5.36,5.39,5.35,5.34,64264.03,0.01,0.19,5.362,5.367,5.335,86620.98,99948.73,91036.22,0.13
2016-09-21,5.39,5.39,5.35,5.33,66255.07,-0.01,-0.19,5.368,5.369,5.336,93605.4,104920.08,92669.54,0.13
2016-09-20,5.42,5.42,5.36,5.35,73548.9,-0.06,-1.11,5.374,5.363,5.336,120532.98,105472.61,95111.53,0.14
2016-09-19,5.33,5.42,5.41,5.31,116395.92,0.07,1.31,5.372,5.359,5.343,123731.88,110780.33,100942.39,0.23
2016-09-14,5.35,5.38,5.34,5.27,112640.98,-0.04,-0.74,5.364,5.343,5.343,114420.47,107062.75,102015.12,0.22
2016-09-13,5.37,5.4,5.38,5.34,99186.14,-0.01,-0.19,5.372,5.338,5.348,113276.49,102186.28,102551.67,0.19
2016-09-12,5.27,5.4,5.38,5.23,200892.98,0.04,0.75,5.37,5.329,5.351,116234.76,99264.57,105673.48,0.39
2016-09-09,5.38,5.4,5.35,5.33,89543.4,-0.02,-0.37,5.352,5.321,5.354,90412.24,85821.68,108765.72,0.17
2016-09-08,5.36,5.42,5.37,5.35,69838.85,0.0,0.0,5.346,5.315,5.352,97828.78,82965.06,111800.78,0.14
2016-09-07,5.35,5.41,5.38,5.34,106921.08,0.02,0.37,5.322,5.308,5.344,99705.04,83509.81,111744.87,0.21
2016-09-06,5.3,5.38,5.37,5.26,113977.5,0.08,1.51,5.304,5.303,5.337,91096.06,82123.7,112255.33,0.22
2016-09-05,5.3,5.33,5.29,5.29,71780.35,-0.03,-0.56,5.288,5.302,5.33,82294.37,80419.0,112410.64,0.14
2016-09-02,5.25,5.33,5.32,5.22,126626.11,0.07,1.33,5.29,5.309,5.326,81231.13,84750.44,113533.14,0.25
2016-09-01,5.28,5.3,5.25,5.24,79220.14,-0.04,-0.76,5.284,5.326,5.319,68101.34,91104.46,109804.06,0.15
2016-08-31,5.29,5.3,5.29,5.27,63876.2,0.0,0.0,5.294,5.342,5.315,67314.58,96967.48,108875.4,0.12
2016-08-30,5.29,5.33,5.29,5.28,69969.06,-0.02,-0.38,5.302,5.358,5.309,73151.34,102917.07,108910.16,0.14
2016-08-29,5.29,5.33,5.3,5.25,66464.14,0.01,0.19,5.316,5.372,5.304,78543.63,112082.4,109227.12,0.13
2016-08-26,5.29,5.33,5.29,5.28,60977.16,0.0,0.0,5.328,5.386,5.297,88269.75,131709.75,110038.97,0.12
2016-08-25,5.31,5.33,5.3,5.21,75286.35,-0.03,-0.56,5.368,5.389,5.295,114107.57,140636.5,112050.31,0.17
2016-08-24,5.37,5.38,5.33,5.28,93059.97,-0.03,-0.56,5.39,5.379,5.295,126620.38,139979.93,114756.16,0.21
2016-08-23,5.37,5.42,5.36,5.33,96930.53,0.0,0.0,5.414,5.37,5.292,132682.81,142386.96,120315.97,0.22
2016-08-22,5.46,5.47,5.36,5.36,115094.75,-0.13,-2.37,5.428,5.358,5.293,145621.17,144402.27,122042.07,0.26
2016-08-19,5.4,5.54,5.49,5.35,190166.27,0.08,1.48,5.444,5.343,5.289,175149.75,142315.85,119387.51,0.44
2016-08-18,5.46,5.49,5.41,5.39,137850.38,-0.04,-0.73,5.41,5.311,5.279,167165.43,128503.67,115253.25,0.32
2016-08-17,5.45,5.47,5.45,5.39,123372.12,0.02,0.37,5.368,5.287,5.276,153339.47,120783.32,113869.41,0.28
2016-08-16,5.43,5.5,5.43,5.39,161622.34,0.0,0.0,5.326,5.26,5.27,152091.11,114903.24,112906.73,0.37
2016-08-15,5.35,5.47,5.44,5.32,262737.62,0.12,2.26,5.288,5.236,5.264,143183.38,106371.84,109110.27,0.6
2016-08-12,5.2,5.36,5.32,5.18,150244.7,0.12,2.31,5.242,5.208,5.256,109481.94,88368.19,101516.55,0.34
2016-08-11,5.25,5.27,5.2,5.19,68720.58,-0.05,-0.95,5.212,5.201,5.258,89841.91,83464.12,99304.93,0.16
2016-08-10,5.23,5.28,5.24,5.22,117130.29,0.0,0.0,5.206,5.21,5.266,88227.16,89532.39,104468.43,0.27
2016-08-09,5.2,5.25,5.24,5.19,117083.69,0.04,0.77,5.194,5.214,5.271,77715.37,98244.98,113336.13,0.27
2016-08-08,5.16,5.21,5.21,5.14,94230.46,0.04,0.77,5.184,5.227,5.272,69560.3,99681.87,117014.76,0.22
2016-08-05,5.16,5.19,5.17,5.16,52044.53,0.0,0.0,5.174,5.235,5.269,67254.43,96459.18,117738.69,0.12
2016-08-04,5.18,5.19,5.17,5.14,60646.85,-0.01,-0.19,5.19,5.247,5.268,77086.33,102002.82,119341.22,0.14
2016-08-03,5.2,5.21,5.18,5.16,64571.33,-0.02,-0.39,5.214,5.264,5.269,90837.62,106955.5,120698.83,0.15
2016-08-02,5.16,5.25,5.19,5.14,76308.32,0.03,0.58,5.234,5.279,5.27,118774.59,110910.22,124629.87,0.18
2016-08-01,5.24,5.25,5.16,5.12,82701.13,-0.09,-1.71,5.27,5.291,5.273,129803.44,111848.71,135373.75,0.19
2016-07-29,5.28,5.33,5.25,5.23,101204.04,-0.05,-0.94,5.296,5.304,5.272,125663.92,114664.91,138314.06,0.23
2016-07-28,5.24,5.33,5.29,5.21,129403.28,0.01,0.19,5.304,5.315,5.263,126919.31,115145.73,137373.24,0.3
2016-07-27,5.38,5.4,5.28,5.15,204256.2,-0.09,-1.68,5.314,5.321,5.252,123073.37,119404.47,134914.08,0.47
2016-07-26,5.3,5.38,5.37,5.3,131452.56,0.08,1.51,5.324,5.327,5.242,103045.85,128427.27,132885.62,0.3
2016-07-25,5.3,5.34,5.29,5.27,62003.51,-0.01,-0.19,5.312,5.316,5.224,93893.98,134347.65,133039.07,0.14
2016-07-22,5.33,5.38,5.29,5.29,107480.98,-0.06,-1.12,5.312,5.302,5.21,103665.91,139018.21,133048.27,0.25
2016-07-21,5.31,5.38,5.34,5.31,110173.62,0.02,0.38,5.326,5.289,5.194,103372.15,136679.62,133279.84,0.25
2016-07-20,5.29,5.35,5.33,5.28,104118.59,0.02,0.38,5.328,5.274,5.178,115735.57,134442.17,133744.45,0.24
2016-07-19,5.3,5.33,5.31,5.26,85693.21,0.02,0.38,5.33,5.26,5.165,153808.69,138349.52,132748.37,0.2
2016-07-18,5.34,5.36,5.29,5.28,110863.14,-0.06,-1.12,5.32,5.255,5.151,174801.32,158898.78,133824.06,0.25
2016-07-15,5.38,5.39,5.36,5.31,106012.21,0.01,0.19,5.292,5.24,5.14,174370.5,161963.21,133155.11,0.24
2016-07-14,5.33,5.39,5.35,5.29,171990.7,0.01,0.19,5.252,5.21,5.128,169987.09,159600.75,133108.55,0.39
2016-07-13,5.28,5.41,5.34,5.26,294484.19,0.08,1.52,5.22,5.182,5.117,153148.77,150423.68,128982.82,0.68
2016-07-12,5.15,5.27,5.26,5.15,190656.38,0.11,2.14,5.19,5.157,5.107,122890.35,137343.97,118242.27,0.44
2016-07-11,5.17,5.21,5.15,5.15,108709.03,-0.01,-0.19,5.19,5.132,5.097,142996.23,131730.48,112822.06,0.25
2016-07-08,5.19,5.19,5.16,5.13,84095.16,-0.03,-0.58,5.188,5.118,5.104,149555.92,127078.34,112271.17,0.19
2016-07-07,5.2,5.22,5.19,5.16,87799.08,-0.01,-0.19,5.168,5.098,5.115,149214.42,129880.06,111384.7,0.2
2016-07-06,5.21,5.22,5.19,5.15,143192.12,-0.07,-1.33,5.144,5.082,5.125,147698.6,133046.73,109329.52,0.33
2016-07-05,5.14,5.36,5.26,5.13,291185.78,0.12,2.33,5.124,5.07,5.133,151797.59,127147.21,105559.74,0.67
2016-07-04,5.05,5.16,5.14,5.04,141507.47,0.08,1.58,5.074,5.047,5.14,120464.73,108749.35,96240.0,0.32
2016-07-01,5.07,5.1,5.06,5.05,82387.63,-0.01,-0.2,5.048,5.039,5.151,104600.76,104347.01,93318.35,0.19
2016-06-30,5.08,5.09,5.07,5.05,80220.0,-0.02,-0.39,5.028,5.045,5.166,110545.7,106616.34,94554.61,0.18
2016-06-29,5.01,5.16,5.09,5.01,163687.09,0.07,1.39,5.02,5.051,5.181,118394.86,107541.96,97330.22,0.38
2016-06-28,5.0,5.02,5.01,4.97,134521.45,0.0,0.0,5.016,5.056,5.188,102496.83,99140.56,91121.32,0.31
2016-06-27,4.96,5.02,5.01,4.94,62187.62,0.05,1.01,5.02,5.062,5.199,97033.97,93913.64,86573.28,0.14
2016-06-24,5.04,5.05,4.96,4.91,112112.34,-0.07,-1.39,5.03,5.089,5.21,104093.26,97464.01,86050.37,0.26
2016-06-23,5.06,5.07,5.03,5.0,119465.82,-0.03,-0.59,5.062,5.132,5.223,102686.97,92889.35,83516.29,0.27
2016-06-22,5.03,5.07,5.07,5.01,84196.93,0.03,0.59,5.082,5.167,5.236,96689.05,85612.31,80041.55,0.19
2016-06-21,5.08,5.11,5.03,5.02,107207.14,-0.03,-0.59,5.096,5.196,5.249,95784.29,83972.26,79288.22,0.25
2016-06-20,5.12,5.13,5.06,5.03,97484.06,-0.05,-0.98,5.104,5.233,5.263,90793.3,83730.65,77506.41,0.22
2016-06-17,5.13,5.18,5.12,5.08,105080.91,-0.01,-0.2,5.148,5.263,5.272,90834.75,82289.7,75901.82,0.24
2016-06-16,5.14,5.17,5.13,5.08,89476.23,-0.02,-0.39,5.202,5.286,5.279,83091.72,82492.88,76493.68,0.21
2016-06-15,5.02,5.17,5.14,5.01,79673.11,0.07,1.38,5.252,5.311,5.288,74535.58,87118.48,75595.51,0.18
2016-06-14,5.1,5.13,5.07,5.04,82252.21,-0.08,-1.55,5.296,5.32,5.296,72160.24,83102.08,77183.23,0.19
2016-06-13,5.36,5.42,5.28,5.27,97691.31,-0.11,-2.04,5.362,5.336,5.307,76667.99,79232.92,76918.17,0.22
2016-06-08,5.37,5.4,5.39,5.35,66365.75,0.01,0.19,5.378,5.331,5.307,73744.64,74636.74,78570.02,0.15
2016-06-07,5.38,5.39,5.38,5.35,46695.5,0.02,0.37,5.37,5.314,5.304,81894.04,74143.23,82567.9,0.11
2016-06-06,5.43,5.44,5.36,5.36,67796.42,-0.04,-0.74,5.37,5.304,5.303,99701.39,74470.79,85841.97,0.16
2016-06-03,5.38,5.41,5.4,5.36,104790.95,0.04,0.75,5.344,5.301,5.303,94043.92,74604.18,90686.55,0.24
2016-06-02,5.34,5.37,5.36,5.31,83074.6,0.01,0.19,5.31,5.293,5.309,81797.85,71282.18,99505.71,0.19
2016-06-01,5.39,5.4,5.35,5.34,107112.72,-0.03,-0.56,5.284,5.281,5.327,75528.83,69513.94,117433.35,0.25
2016-05-31,5.22,5.39,5.38,5.2,135732.25,0.16,3.06,5.258,5.272,5.339,66392.43,70494.48,118316.42,0.31
2016-05-30,5.23,5.27,5.23,5.18,39509.1,0.0,0.0,5.238,5.264,5.348,49240.18,64072.53,117123.62,0.09
2016-05-27,5.23,5.26,5.23,5.19,43560.58,0.0,0.0,5.258,5.272,5.359,55164.43,71264.39,119178.69,0.1
2016-05-26,5.24,5.26,5.23,5.17,51729.49,0.01,0.19,5.276,5.278,5.372,60766.51,74603.43,121753.21,0.12
2016-05-25,5.28,5.33,5.22,5.22,61430.74,-0.04,-0.76,5.278,5.283,5.388,63499.06,82503.31,123386.2,0.14
2016-05-24,5.32,5.32,5.28,5.25,49971.0,-0.05,-0.94,5.286,5.294,5.405,74596.53,90992.56,123138.76,0.11
2016-05-23,5.34,5.36,5.33,5.28,69130.35,0.01,0.19,5.29,5.301,5.418,78904.88,97213.15,125113.03,0.16
2016-05-20,5.24,5.33,5.32,5.22,71570.99,0.08,1.53,5.286,5.304,5.428,87364.34,106768.92,125347.23,0.16
2016-05-19,5.23,5.3,5.24,5.22,65392.22,-0.02,-0.38,5.28,5.324,5.437,88440.34,127729.23,126485.06,0.15
2016-05-18,5.29,5.29,5.26,5.14,116918.11,-0.03,-0.57,5.288,5.373,5.455,101507.55,165352.75,134264.96,0.27
2016-05-17,5.29,5.32,5.3,5.28,71512.71,-0.01,-0.19,5.302,5.406,5.477,107388.58,166138.36,133058.55,0.16
2016-05-16,5.26,5.32,5.31,5.23,111427.69,0.02,0.38,5.312,5.431,5.496,115521.43,170174.71,134495.88,0.26
2016-05-13,5.29,5.31,5.29,5.25,76950.98,0.0,0.0,5.322,5.446,5.519,126173.49,167092.98,135312.98,0.18
2016-05-12,5.26,5.31,5.28,5.18,130728.27,-0.05,-0.94,5.368,5.466,5.543,167018.12,168903.0,137778.97,0.3
2016-05-11,5.35,5.38,5.33,5.24,146323.27,-0.01,-0.19,5.458,5.493,5.566,229197.96,164269.09,145893.57,0.34
2016-05-10,5.33,5.42,5.35,5.28,112176.92,-0.01,-0.19,5.51,5.515,5.583,224888.13,155284.97,144667.63,0.26
2016-05-09,5.47,5.47,5.36,5.35,164688.0,-0.16,-2.9,5.55,5.534,5.598,224828.0,153012.91,145895.36,0.38
2016-05-06,5.66,5.76,5.52,5.5,281174.12,-0.19,-3.33,5.57,5.551,5.607,208012.48,143925.55,144531.71,0.65
2016-05-05,5.72,5.96,5.73,5.69,441627.47,0.13,2.32,5.564,5.55,5.611,170787.89,125240.89,139326.97,1.01
2016-05-04,5.58,5.62,5.59,5.53,124774.14,0.04,0.72,5.528,5.536,5.61,99340.23,103177.16,126077.5,0.29
2016-05-03,5.5,5.57,5.55,5.46,111876.26,0.1,1.83,5.52,5.547,5.619,85681.8,99978.75,134301.22,0.26
2016-04-29,5.48,5.5,5.46,5.44,80610.4,-0.03,-0.55,5.518,5.561,5.627,81197.82,98817.06,136913.1,0.19
2016-04-28,5.53,5.57,5.49,5.46,95051.17,-0.06,-1.08,5.532,5.592,5.635,79838.62,103532.98,139737.84,0.22
2016-04-27,5.58,5.6,5.55,5.54,84389.17,-0.01,-0.18,5.536,5.62,5.642,79693.89,106654.93,141055.66,0.19
2016-04-26,5.53,5.56,5.55,5.52,56482.02,0.02,0.36,5.544,5.639,5.639,107014.09,127518.04,142159.29,0.13
2016-04-25,5.53,5.58,5.54,5.44,89456.36,0.01,0.18,5.574,5.65,5.639,114275.69,134050.3,145436.82,0.21
2016-04-22,5.51,5.55,5.53,5.48,73814.38,0.01,0.18,5.604,5.661,5.643,116436.29,138777.8,146977.45,0.17
2016-04-21,5.53,5.6,5.51,5.5,94327.51,-0.08,-1.43,5.652,5.663,5.647,127227.34,145137.87,150947.6,0.22
2016-04-20,5.71,5.73,5.59,5.39,220990.19,-0.1,-1.76,5.704,5.671,5.66,133615.97,153413.05,156412.83,0.51
2016-04-19,5.69,5.73,5.7,5.64,92790.0,0.02,0.35,5.734,5.684,5.671,148021.99,148977.84,163940.4,0.21
2016-04-18,5.75,5.78,5.69,5.65,100259.37,-0.08,-1.39,5.726,5.691,5.671,153824.92,168623.7,175509.71,0.23
2016-04-15,5.76,5.8,5.77,5.72,127769.65,0.0,0.0,5.718,5.692,5.666,161119.31,175009.14,187775.82,0.29
2016-04-14,5.78,5.8,5.77,5.71,126270.63,0.02,0.35,5.674,5.677,5.656,163048.39,175942.69,188432.24,0.29
2016-04-13,5.74,5.82,5.74,5.69,293020.31,0.08,1.41,5.638,5.663,5.644,173210.12,175456.39,192266.83,0.67
2016-04-12,5.65,5.69,5.66,5.61,121804.63,0.01,0.18,5.634,5.638,5.631,149933.69,156800.55,182473.02,0.28
2016-04-11,5.59,5.71,5.65,5.56,136731.34,0.1,1.8,5.656,5.628,5.624,183422.48,156823.33,181770.96,0.31
2016-04-08,5.59,5.6,5.55,5.5,137415.03,-0.04,-0.72,5.666,5.624,5.611,188898.97,155177.1,178486.19,0.32
2016-04-07,5.74,5.76,5.59,5.57,177079.31,-0.14,-2.44,5.68,5.631,5.607,188836.99,156757.33,175762.75,0.41
2016-04-06,5.75,5.78,5.72,5.68,176638.14,-0.05,-0.87,5.688,5.648,5.606,177702.66,159412.62,173165.54,0.41
2016-04-05,5.71,5.83,5.77,5.68,289248.56,0.06,1.05,5.642,5.658,5.599,163667.4,178902.95,171520.92,0.66
2016-04-01,5.62,5.71,5.7,5.55,164113.83,0.08,1.42,5.6,5.65,5.587,130224.19,182395.73,165199.25,0.38
2016-03-31,5.67,5.7,5.62,5.61,137105.11,-0.01,-0.18,5.582,5.64,5.578,121455.23,200542.49,175401.94,0.31
2016-03-30,5.52,5.65,5.63,5.52,121407.68,0.14,2.55,5.582,5.635,5.568,124677.67,200921.79,178893.91,0.28
2016-03-29,5.56,5.59,5.49,5.46,106461.84,-0.07,-1.26,5.608,5.625,5.555,141122.58,209077.26,186091.26,0.24
2016-03-28,5.64,5.69,5.56,5.53,122032.47,-0.06,-1.07,5.674,5.624,5.539,194138.5,208145.5,188395.98,0.28
2016-03-25,5.6,5.65,5.61,5.56,120269.06,0.0,0.0,5.7,5.62,5.516,234567.28,206718.59,190910.42,0.28
2016-03-24,5.73,5.76,5.62,5.61,153217.31,-0.13,-2.26,5.698,5.598,5.495,279629.75,201795.28,191446.09,0.35
2016-03-23,5.78,5.82,5.76,5.69,203632.2,-0.06,-1.03,5.688,5.583,5.468,277165.9,194768.16,196875.68,0.47
2016-03-22,5.67,5.88,5.82,5.62,371541.47,0.14,2.46,5.642,5.564,5.46,277031.95,186918.46,198444.78,0.85
2016-03-21,5.64,5.77,5.69,5.61,324176.34,0.09,1.61,5.574,5.54,5.441,222152.49,164138.88,186475.71,0.74
2016-03-18,5.58,5.68,5.6,5.56,345581.44,0.02,0.36,5.54,5.524,5.432,178869.91,148002.77,179178.12,0.79
2016-03-17,5.55,5.59,5.57,5.49,140898.06,0.03,0.54,5.498,5.516,5.421,123960.81,150261.39,166218.22,0.32
2016-03-16,5.49,5.56,5.53,5.47,202962.44,0.05,0.91,5.478,5.5,5.412,112370.42,156866.04,165664.63,0.47
2016-03-15,5.52,5.53,5.48,5.41,97144.18,-0.04,-0.72,5.486,5.485,5.407,96804.97,163105.25,165098.13,0.22
2016-03-14,5.47,5.56,5.52,5.4,107763.41,0.12,2.22,5.506,5.454,5.399,106125.27,168646.47,167030.74,0.25
2016-03-11,5.4,5.46,5.39,5.37,71035.96,-0.08,-1.46,5.508,5.412,5.381,117135.63,175102.24,165576.4,0.16
2016-03-10,5.56,5.57,5.47,5.42,82946.11,-0.11,-1.97,5.534,5.391,5.375,176561.97,181096.89,166460.83,0.19
2016-03-09,5.49,5.58,5.57,5.4,125135.19,0.0,0.0,5.522,5.353,5.367,201361.66,198983.19,168971.24,0.29
2016-03-08,5.5,5.59,5.58,5.34,143745.69,0.05,0.9,5.484,5.355,5.351,229405.53,209971.1,170544.41,0.33
2016-03-07,5.51,5.63,5.53,5.46,162815.2,0.01,0.18,5.402,5.342,5.331,231167.67,208812.53,169189.43,0.37
2016-03-04,5.42,5.57,5.52,5.37,368167.66,0.12,2.22,5.316,5.339,5.307,233068.85,210353.48,167443.22,0.85
2016-03-03,5.35,5.44,5.41,5.32,206944.58,0.03,0.56,5.248,5.326,5.291,185631.81,182175.05,156541.08,0.47
2016-03-02,5.16,5.39,5.38,5.11,265354.53,0.22,4.26,5.184,5.323,5.273,196604.72,174463.21,152877.6,0.61
2016-03-01,5.11,5.19,5.17,5.04,152556.38,0.06,1.17,5.226,5.328,5.266,190536.67,167091.0,149709.57,0.35
2016-02-29,5.17,5.18,5.1,4.96,172321.12,-0.08,-1.54,5.282,5.344,5.274,186457.4,165415.01,153803.1,0.4
2016-02-26,5.15,5.19,5.18,5.09,130982.46,0.09,1.77,5.362,5.35,5.296,187638.11,156050.56,150785.24,0.3
2016-02-25,5.59,5.61,5.09,5.04,261809.12,-0.51,-9.11,5.404,5.359,5.312,178718.28,151824.78,150672.81,0.6
2016-02-24,5.43,5.62,5.59,5.41,235014.28,0.14,2.57,5.462,5.381,5.329,152321.7,138959.29,147668.6,0.54
2016-02-23,5.55,5.56,5.45,5.41,132160.0,-0.06,-1.09,5.43,5.346,5.334,143645.34,131117.72,148833.87,0.3
2016-02-22,5.44,5.53,5.5,5.44,178224.69,0.1,1.85,5.406,5.319,5.345,144372.62,129566.34,154302.9,0.41
2016-02-19,5.37,5.43,5.39,5.35,86383.32,0.0,0.0,5.338,5.274,5.341,124463.02,124532.96,151721.2,0.2
2016-02-18,5.46,5.48,5.38,5.37,129826.23,-0.05,-0.92,5.314,5.255,5.341,124931.27,130907.12,156494.16,0.3
2016-02-17,5.34,5.55,5.43,5.32,191632.44,0.1,1.88,5.3,5.222,5.357,125596.87,131291.99,157956.96,0.44
2016-02-16,5.2,5.36,5.33,5.19,135796.42,0.17,3.29,5.262,5.204,5.366,118590.1,132328.14,156488.62,0.31
2016-02-15,5.06,5.21,5.16,5.05,78676.68,-0.11,-2.09,5.232,5.204,5.387,114760.05,142191.2,159906.75,0.18
2016-02-05,5.38,5.4,5.27,5.26,88724.59,-0.05,-0.94,5.21,5.242,5.414,124602.89,145519.92,169386.12,0.2
2016-02-04,5.23,5.36,5.31,5.18,133154.23,0.07,1.34,5.196,5.265,5.448,136882.96,149520.84,177360.55,0.31
2016-02-03,5.11,5.31,5.24,5.05,156598.56,0.06,1.16,5.144,5.277,5.469,136987.11,156377.91,173430.24,0.36
2016-02-02,5.05,5.24,5.18,5.05,116646.2,0.12,2.37,5.146,5.321,5.523,146066.18,166550.03,177802.53,0.27
2016-02-01,5.17,5.17,5.05,4.99,127890.89,-0.15,-2.88,5.176,5.371,5.572,169622.35,179039.46,185525.12,0.29
2016-01-29,5.05,5.24,5.2,5.05,150124.94,0.16,3.17,5.274,5.407,5.629,166436.96,178909.44,188550.48,0.34
2016-01-28,5.31,5.31,5.05,5.01,133674.94,-0.19,-3.63,5.334,5.427,5.71,162158.72,182081.21,187966.18,0.31
2016-01-27,5.29,5.42,5.25,5.01,201993.94,-0.08,-1.5,5.41,5.492,5.801,175768.71,184621.93,188778.14,0.46
2016-01-26,5.49,5.61,5.33,5.28,234427.02,-0.21,-3.79,5.496,5.528,5.884,187033.88,180649.1,186882.78,0.54
2016-01-25,5.55,5.59,5.54,5.48,111963.94,0.04,0.73,5.566,5.57,5.962,188456.57,177622.3,188925.39,0.26
2016-01-22,5.52,5.58,5.5,5.37,128733.76,0.06,1.1,5.54,5.586,6.038,191381.93,193252.31,197464.78,0.3
2016-01-21,5.57,5.69,5.43,5.3,201724.88,-0.25,-4.4,5.52,5.63,6.112,202003.7,205200.25,210975.88,0.46
2016-01-20,5.66,5.82,5.68,5.61,258319.81,0.0,0.0,5.574,5.661,6.198,193475.14,190482.57,252763.99,0.59
2016-01-19,5.39,5.78,5.68,5.37,241540.47,0.28,5.18,5.56,5.724,6.257,174264.31,189055.03,251182.93,0.55
2016-01-18,5.35,5.49,5.41,5.3,126590.72,0.01,0.18,5.574,5.772,6.315,166788.04,192010.78,251393.77,0.29
2016-01-15,5.65,5.69,5.4,5.35,181842.61,-0.29,-5.1,5.632,5.851,6.383,195122.69,198191.52,254430.92,0.42
2016-01-14,5.46,5.74,5.7,5.35,159082.11,0.09,1.6,5.74,5.993,6.455,208396.81,193851.16,261478.45,0.37
2016-01-13,5.76,5.83,5.61,5.6,162265.66,-0.15,-2.6,5.748,6.11,6.506,187489.99,192934.36,265650.91,0.37
2016-01-12,5.71,5.86,5.75,5.59,204159.08,0.06,1.05,5.888,6.239,6.558,203845.74,193116.47,265648.49,0.47
2016-01-11,5.82,6.14,5.7,5.66,268264.0,-0.23,-3.88,5.97,6.353,6.608,217233.52,200228.47,264423.78,0.62
2016-01-08,5.93,6.05,5.94,5.68,248213.19,0.18,3.12,6.07,6.489,6.647,201260.34,201677.24,258995.69,0.57
2016-01-07,6.22,6.22,5.74,5.73,54548.0,-0.57,-9.03,6.246,6.594,6.674,179305.51,216751.52,251925.66,0.13
2016-01-06,6.2,6.33,6.31,6.17,244044.41,0.14,2.27,6.472,6.735,6.712,198378.73,315045.41,254737.26,0.56
2016-01-05,5.96,6.36,6.16,5.89,271098.0,-0.07,-1.12,6.59,6.79,6.723,182387.19,313310.83,251179.39,0.62
2016-01-04,6.82,6.83,6.2,6.2,188398.12,-0.61,-8.96,6.736,6.858,6.75,183223.42,310776.76,245979.84,0.43
2015-12-31,6.87,6.92,6.82,6.81,138439.0,-0.05,-0.73,6.908,6.914,6.776,202094.14,310670.33,245450.07,0.32
2015-12-30,6.9,6.93,6.87,6.83,149914.12,-0.03,-0.43,6.942,6.917,6.779,254197.53,329105.74,247502.46,0.34
2015-12-29,6.86,6.91,6.9,6.78,164086.73,0.02,0.29,6.998,6.902,6.778,431712.09,338367.47,252900.79,0.38
2015-12-28,7.08,7.15,6.89,6.88,275279.12,-0.17,-2.41,6.99,6.876,6.765,444234.47,338180.52,254380.15,0.63
2015-12-25,6.98,7.13,7.06,6.94,282751.75,0.06,0.86,6.98,6.862,6.747,438330.11,328619.08,255307.11,0.65
2015-12-24,7.07,7.1,6.99,6.91,398955.91,-0.16,-2.24,6.92,6.804,6.723,419246.51,316314.13,260511.24,0.92
2015-12-23,7.5,7.56,7.15,7.11,1037486.94,0.28,4.08,6.892,6.754,6.731,404013.95,287099.8,253944.52,2.38
2015-12-22,6.86,6.88,6.86,6.79,226698.62,0.01,0.15,6.806,6.689,6.731,245022.85,194429.11,212472.1,0.52
2015-12-21,6.75,6.89,6.84,6.7,245757.31,0.08,1.18,6.762,6.656,6.744,232126.56,189047.95,213114.87,0.56
2015-12-18,6.8,6.86,6.76,6.75,187333.77,-0.09,-1.31,6.744,6.641,6.763,218908.06,181182.91,215731.35,0.43
2015-12-17,6.8,6.92,6.85,6.8,322793.12,0.12,1.78,6.688,6.638,6.79,213381.74,180229.82,222241.11,0.74
2015-12-16,6.66,6.85,6.72,6.66,242531.41,0.08,1.21,6.616,6.64,6.81,170185.64,165899.18,215689.84,0.56
2015-12-15,6.7,6.74,6.64,6.6,162217.2,-0.09,-1.34,6.572,6.653,6.832,143835.37,167434.11,218257.07,0.37
2015-12-14,6.4,6.76,6.75,6.4,179664.8,0.26,4.01,6.55,6.653,6.865,145969.34,170579.79,240342.74,0.41
2015-12-11,6.52,6.52,6.48,6.33,159702.19,-0.01,-0.15,6.538,6.631,6.891,143457.77,181995.14,246108.6,0.37
2015-12-10,6.41,6.6,6.49,6.41,106812.59,-0.02,-0.31,6.588,6.642,6.93,147077.89,204708.36,260825.36,0.25
2015-12-09,6.5,6.59,6.5,6.45,110780.07,-0.02,-0.31,6.664,6.708,6.971,161612.72,220789.25,277139.99,0.25
2015-12-08,6.67,6.67,6.53,6.5,172887.05,-0.15,-2.25,6.734,6.772,7.013,191032.84,230515.08,290458.7,0.4
2015-12-07,6.73,6.78,6.69,6.59,167106.94,-0.04,-0.59,6.756,6.832,7.057,195190.24,237181.8,306872.21,0.38
2015-12-04,6.85,6.85,6.73,6.66,177802.81,-0.14,-2.04,6.724,6.884,7.091,220532.51,250279.79,341051.52,0.41
2015-12-03,6.81,6.9,6.87,6.74,179486.73,0.02,0.29,6.696,6.942,7.119,262338.82,264252.39,371173.37,0.41
2015-12-02,6.6,6.88,6.85,6.58,257880.67,0.21,3.16,6.752,6.98,7.137,279965.78,265480.49,420202.76,0.59
2015-12-01,6.56,6.68,6.64,6.54,193674.06,0.11,1.69,6.81,7.01,7.136,269997.33,269080.04,424929.36,0.44
2015-11-30,6.59,6.75,6.53,6.22,293818.28,-0.05,-0.76,6.908,7.077,7.126,279173.35,310105.7,423447.53,0.67
2015-11-27,7.1,7.14,6.59,6.47,386834.38,-0.57,-7.96,7.044,7.151,7.123,280027.07,310222.06,421773.94,0.89
2015-11-26,7.17,7.27,7.15,7.13,267621.5,0.01,0.14,7.188,7.218,7.13,266165.96,316942.36,413217.25,0.61
2015-11-25,7.09,7.14,7.14,7.07,208038.41,0.01,0.14,7.208,7.233,7.113,250995.21,333490.72,411144.54,0.48
2015-11-24,7.18,7.2,7.13,7.03,239554.19,-0.08,-1.11,7.21,7.254,7.096,268162.76,350402.33,417205.51,0.55
2015-11-23,7.3,7.36,7.21,7.19,298086.88,-0.1,-1.37,7.246,7.281,7.089,341038.04,376562.61,424284.38,0.68
2015-11-20,7.25,7.34,7.31,7.22,317528.84,0.07,0.97,7.258,7.298,7.086,340417.06,431823.26,434169.45,0.73
2015-11-19,7.2,7.25,7.25,7.12,191767.72,0.11,1.54,7.248,7.296,7.067,367718.75,478094.34,435499.8,0.44
2015-11-18,7.32,7.35,7.15,7.12,293876.16,-0.16,-2.19,7.258,7.293,7.048,415986.24,574925.02,442833.78,0.67
2015-11-17,7.3,7.5,7.31,7.28,603930.62,0.04,0.55,7.298,7.261,7.026,432641.89,580778.68,460705.49,1.39
2015-11-16,7.14,7.28,7.27,7.07,294981.94,0.02,0.28,7.316,7.174,7.018,412087.18,536789.37,450319.1,0.68
2015-11-13,7.23,7.46,7.26,7.19,454037.31,-0.04,-0.55,7.338,7.094,7.001,523229.46,533325.82,457945.15,1.04
2015-11-12,7.36,7.39,7.3,7.2,433105.16,-0.04,-0.55,7.344,7.041,6.99,588469.93,509492.14,462827.45,0.99
2015-11-11,7.37,7.42,7.35,7.24,377154.44,-0.05,-0.68,7.328,6.992,6.968,733863.8,488798.36,461366.33,0.87
2015-11-10,7.29,7.46,7.4,7.22,501157.06,0.02,0.27,7.224,6.938,6.932,728915.46,484008.69,457830.6,1.15
2015-11-09,7.23,7.63,7.38,7.23,850693.31,0.08,1.1,7.032,6.897,6.903,661491.56,472006.15,454028.15,1.95
2015-11-06,7.22,7.33,7.29,7.12,780239.69,0.09,1.25,6.85,6.874,6.87,543422.18,436515.63,433478.59,1.79
2015-11-05,6.87,7.51,7.22,6.82,1160074.5,0.39,5.71,6.738,6.838,6.828,430514.35,392905.26,407613.18,2.66
2015-11-04,6.48,6.91,6.83,6.47,352412.75,0.39,6.06,6.656,6.802,6.784,243732.93,310742.53,361645.88,0.81
2015-11-03,6.46,6.54,6.44,6.4,164037.55,-0.03,-0.46,6.652,6.79,6.746,239101.93,340632.3,349098.92,0.38
2015-11-02,6.68,6.74,6.47,6.45,260346.42,-0.26,-3.86,6.762,6.861,6.725,282520.73,363848.84,348085.94,0.6
2015-10-30,6.81,6.86,6.73,6.71,215700.52,-0.08,-1.18,6.898,6.908,6.71,329609.09,382564.47,341100.11,0.5
2015-10-29,6.81,6.88,6.81,6.76,226167.39,0.0,0.0,6.938,6.939,6.681,355296.17,416162.75,340710.8,0.52
2015-10-28,6.97,7.03,6.81,6.7,329257.75,-0.18,-2.58,6.948,6.943,6.659,377752.14,433934.3,337657.49,0.76
2015-10-27,7.1,7.1,6.99,6.72,381131.59,-0.17,-2.37,6.928,6.925,6.633,442162.68,431652.5,335165.46,0.87
2015-10-26,7.02,7.2,7.15,6.95,495788.19,0.22,3.17,6.96,6.908,6.612,445176.94,436050.16,331641.37,1.14
2015-10-23,6.87,6.97,6.93,6.76,344135.91,0.07,1.02,6.918,6.865,6.579,435519.86,430441.55,320896.21,0.79
2015-10-22,6.72,6.87,6.86,6.61,338447.25,0.16,2.39,6.94,6.817,6.548,477029.34,422321.11,316286.77,0.78
2015-10-21,7.13,7.36,6.71,6.6,651310.44,-0.45,-6.29,6.938,6.766,6.516,490116.47,412549.24,319078.31,1.49
2015-10-20,6.98,7.17,7.15,6.89,396202.91,0.21,3.03,6.922,6.702,6.501,421142.33,357565.54,306617.56,0.91
2015-10-19,7.1,7.18,6.94,6.83,447502.78,-0.09,-1.28,6.856,6.589,6.438,426923.37,332323.05,303007.97,1.03
2015-10-16,6.92,7.2,7.04,6.89,551683.31,0.19,2.77,6.812,6.512,6.408,425363.24,299635.74,298641.27,1.27
2015-10-15,6.61,6.89,6.85,6.58,403882.91,0.21,3.16,6.694,6.423,6.401,367612.89,265258.84,282328.05,0.93
2015-10-14,6.81,6.82,6.63,6.63,306439.75,-0.19,-2.79,6.594,6.374,6.408,334982.0,241380.67,277352.73,0.7
2015-10-13,6.7,6.87,6.82,6.59,425108.12,0.09,1.34,6.482,6.34,6.439,293988.75,238678.42,284524.19,0.98
2015-10-12,6.45,6.87,6.72,6.45,439702.09,0.27,4.19,6.322,6.316,6.457,237722.72,227232.59,280162.52,1.01
2015-10-09,6.28,6.49,6.45,6.28,262931.56,0.11,1.74,6.212,6.293,6.472,173908.25,211350.87,278270.49,0.6
2015-10-08,6.3,6.41,6.35,6.23,240728.5,0.28,4.61,6.152,6.279,6.502,162904.8,210252.44,319644.86,0.55
2015-09-30,6.08,6.11,6.07,6.02,101473.49,0.05,0.83,6.154,6.265,6.53,147779.34,225607.37,356967.14,0.23
2015-09-29,6.09,6.12,6.02,6.0,143777.98,-0.16,-2.59,6.198,6.299,6.575,183368.08,255669.57,396106.87,0.33
2015-09-28,6.16,6.2,6.17,6.04,120629.7,0.02,0.33,6.31,6.286,6.609,216742.45,273692.9,429063.41,0.28
2015-09-25,6.36,6.38,6.15,6.08,207914.34,-0.21,-3.3,6.374,6.304,6.605,248793.5,297646.8,452916.79,0.48
2015-09-24,6.36,6.42,6.36,6.26,165101.17,0.07,1.11,6.406,6.379,6.584,257600.07,299397.25,481366.09,0.38
2015-09-23,6.42,6.49,6.29,6.24,279417.22,-0.28,-4.26,6.376,6.441,6.576,303435.41,313324.8,499796.04,0.64
2015-09-22,6.64,6.69,6.58,6.5,310649.81,0.08,1.23,6.4,6.537,6.605,327971.07,330369.95,514950.9,0.71
2015-09-21,6.22,6.54,6.49,6.17,280884.94,0.18,2.85,6.262,6.598,6.658,330643.35,333092.46,528687.79,0.64
2015-09-18,6.29,6.38,6.31,6.15,251947.2,0.11,1.77,6.234,6.651,6.735,346500.1,345190.11,540137.26,0.58
2015-09-17,6.44,6.64,6.21,6.19,394277.88,-0.2,-3.12,6.352,6.725,6.847,341194.43,429037.29,566810.74,0.9
2015-09-16,5.95,6.47,6.41,5.91,402095.5,0.53,9.01,6.506,6.795,6.957,323214.19,488326.9,592932.25,0.92
2015-09-15,6.25,6.39,5.89,5.81,324011.22,-0.45,-7.1,6.674,6.851,7.105,332768.84,536544.16,611428.27,0.74
2015-09-14,7.05,7.12,6.35,6.24,360168.69,-0.56,-8.1,6.934,6.931,7.279,335541.56,584433.93,640818.14,0.83
2015-09-11,6.97,7.1,6.9,6.76,225418.84,-0.07,-1.0,7.068,6.906,7.439,343880.12,608186.79,670255.61,0.52
2015-09-10,7.14,7.3,6.98,6.96,304376.69,-0.26,-3.59,7.098,6.789,7.564,516880.16,663334.94,722156.6,0.7
2015-09-09,7.22,7.39,7.25,7.14,449868.78,0.06,0.83,7.084,6.71,7.682,653439.62,686267.28,761198.91,1.03
2015-09-08,7.02,7.3,7.19,6.68,337874.81,0.17,2.42,7.028,6.673,7.789,740319.47,699531.84,802253.8,0.78
2015-09-07,7.06,7.49,7.02,6.96,401861.5,-0.06,-0.85,6.928,6.718,7.872,833326.29,724283.13,825337.58,0.92
2015-09-02,6.59,7.35,7.05,6.49,1090419.0,0.1,1.44,6.744,6.818,7.947,872493.45,735084.42,828882.74,2.5
2015-09-01,6.8,7.02,6.91,6.33,987174.0,-0.06,-0.86,6.48,6.968,8.03,809789.73,704584.19,813310.93,2.27
2015-08-31,6.62,7.0,6.97,6.36,884268.06,0.28,4.18,6.336,7.119,8.141,719094.95,697537.6,814759.29,2.03
2015-08-28,6.18,6.69,6.69,6.08,802908.88,0.61,10.03,6.318,7.358,8.229,658744.2,686312.37,814946.64,1.84
2015-08-27,5.95,6.1,6.1,5.6,597697.31,0.36,6.27,6.508,7.626,8.314,615239.96,697202.35,807610.02,1.37
2015-08-26,6.3,6.45,5.73,5.59,776900.38,-0.46,-7.43,6.892,7.971,8.429,597675.38,732324.43,827708.01,1.78
2015-08-25,6.25,6.43,6.19,6.19,533700.12,-0.69,-10.03,7.456,8.339,8.563,599378.66,780978.25,832128.62,1.22
2015-08-24,7.35,7.38,6.88,6.88,582514.31,-0.76,-9.95,7.902,8.654,8.641,675980.24,836130.53,864732.16,1.34
2015-08-21,7.89,7.99,7.64,7.51,585387.69,-0.38,-4.74,8.398,8.905,8.703,713880.54,904975.77,889547.36,1.34
2015-08-20,8.48,8.48,8.02,7.98,509874.41,-0.53,-6.2,8.744,9.025,8.771,779164.74,926392.03,924918.4,1.17
2015-08-19,8.08,8.62,8.55,7.71,785416.75,0.13,1.54,9.05,9.075,8.832,866973.47,922681.06,956837.26,1.8
2015-08-18,9.34,9.46,8.42,8.42,916708.06,-0.93,-9.95,9.222,9.092,8.856,962577.85,922037.67,974043.73,2.1
2015-08-17,9.35,9.48,9.36,9.05,772015.81,-0.01,-0.11,9.406,9.163,8.891,996280.81,931980.99,988833.16,1.77
2015-08-14,9.55,9.7,9.37,9.32,911808.69,-0.18,-1.89,9.412,9.099,8.885,1096071.0,943580.9,1029324.31,2.09
2015-08-13,9.3,9.57,9.55,9.09,948918.06,0.15,1.6,9.306,9.002,8.841,1073619.32,918017.68,1024145.61,2.18
2015-08-12,9.52,9.85,9.41,9.35,1263438.62,0.07,0.75,9.1,8.887,8.761,978388.64,923091.6,1020931.46,2.9
2015-08-11,9.37,9.57,9.34,9.25,1085222.88,-0.05,-0.53,8.962,8.787,8.676,881497.5,883278.99,1010968.97,2.49
2015-08-10,8.98,9.5,9.39,8.91,1270966.75,0.56,6.34,8.92,8.628,8.638,867681.17,893333.79,1041349.5,2.92
2015-08-07,8.63,9.06,8.84,8.63,799550.31,0.33,3.88,8.786,8.5,8.619,791090.81,874118.96,1065326.23,1.84
2015-08-06,8.53,8.75,8.52,8.43,472764.66,-0.19,-2.18,8.698,8.517,8.587,762416.03,923444.77,1084986.49,1.09
2015-08-05,9.04,9.15,8.72,8.67,778982.88,-0.41,-4.49,8.674,8.589,8.534,867794.55,990993.46,1140405.55,1.79
2015-08-04,8.7,9.25,9.13,8.52,1016141.25,0.41,4.7,8.612,8.619,8.436,885060.49,1026049.8,1152553.57,2.33
2015-08-03,8.21,8.76,8.72,8.2,888014.94,0.32,3.81,8.336,8.618,8.354,918986.41,1045685.32,1192396.04,2.04
2015-07-31,8.26,8.5,8.4,8.07,656176.44,0.0,0.0,8.214,8.671,8.323,957147.1,1115067.71,1218756.67,1.51
2015-07-30,8.58,8.83,8.4,8.24,999657.25,-0.02,-0.24,8.336,8.68,8.301,1084473.51,1130273.55,1251432.36,2.29
2015-07-29,7.88,8.53,8.41,7.7,865312.56,0.66,8.52,8.504,8.634,8.323,1114192.36,1118771.31,1259075.07,1.99
2015-07-28,7.75,8.2,7.75,7.32,1185770.88,-0.36,-4.44,8.626,8.564,8.381,1167039.1,1138658.95,1278115.08,2.72
2015-07-27,8.71,8.96,8.11,8.11,1078818.38,-0.9,-9.99,8.9,8.647,8.506,1172384.23,1189365.21,1289673.43,2.48
2015-07-24,9.25,9.56,9.01,8.87,1292808.5,-0.23,-2.49,9.128,8.738,8.569,1272988.33,1256533.51,1303905.12,2.97
2015-07-23,9.01,9.4,9.24,8.97,1148251.5,0.23,2.55,9.024,8.657,8.631,1176073.59,1246528.21,1294325.59,2.64
2015-07-22,9.08,9.17,9.02,8.68,1129546.25,-0.09,-0.99,8.764,8.478,8.738,1123350.26,1289817.65,1297017.29,2.59
2015-07-21,9.08,9.33,9.12,8.9,1212496.5,-0.13,-1.41,8.502,8.253,8.882,1110278.79,1279057.35,1313969.17,2.78
2015-07-20,8.66,9.34,9.25,8.49,1581838.88,0.76,8.95,8.394,8.089,8.992,1206346.19,1339106.76,1306746.31,3.63
2015-07-17,7.99,8.6,8.49,7.98,808234.81,0.54,6.79,8.348,7.974,9.083,1240078.69,1322445.62,1288020.3,1.86
2015-07-16,7.71,8.2,7.94,7.2,884634.88,0.23,2.98,8.29,7.922,9.267,1316982.83,1372591.16,1300129.23,2.03
2015-07-15,8.3,8.4,7.71,7.71,1064188.88,-0.86,-10.04,8.192,8.011,9.509,1456285.03,1399378.83,1340921.24,2.44
2015-07-14,8.82,9.3,8.58,8.47,1692833.5,-0.44,-4.88,8.004,8.198,9.733,1447835.9,1417571.21,1415864.53,3.89
2015-07-13,8.56,9.02,9.02,8.28,1750501.38,0.82,10.0,7.784,8.364,9.975,1471867.33,1389981.65,1444131.23,4.02
2015-07-10,7.8,8.2,8.2,7.46,1192755.5,0.75,10.07,7.6,8.399,10.192,1404812.55,1351276.74,1440404.78,2.74
2015-07-09,6.77,7.45,7.45,6.16,1581145.88,0.68,10.04,7.554,8.604,10.444,1428199.5,1342122.98,1447489.1,3.63
2015-07-08,6.77,6.88,6.77,6.77,1021943.25,-0.75,-9.97,7.83,8.998,10.737,1342472.62,1304216.94,1440112.91,2.35
2015-07-07,7.8,8.07,7.48,7.27,1812990.62,-0.6,-7.43,8.392,9.511,11.085,1387306.52,1348880.99,1500340.28,4.16
2015-07-06,8.78,8.78,8.1,7.4,1415227.5,0.12,1.5,8.944,9.895,11.383,1308095.98,1274385.86,1568176.06,3.25
2015-07-03,8.62,9.27,7.97,7.95,1309690.25,-0.86,-9.74,9.198,10.191,11.685,1297740.93,1253594.99,1731556.23,3.01
2015-07-02,9.72,9.9,8.83,8.66,1152511.5,-0.75,-7.83,9.654,10.612,11.929,1256046.45,1227667.29,1799749.91,2.65
2015-07-01,10.0,10.66,9.58,9.45,1246112.75,-0.67,-6.54,10.166,11.006,12.072,1265961.25,1282463.66,1788848.49,2.86
2015-06-30,9.38,10.27,10.24,8.46,1416937.88,0.88,9.4,10.63,11.267,12.182,1310455.45,1414157.84,1779767.17,3.25
2015-06-29,10.63,10.68,9.37,9.23,1363452.25,-0.88,-8.59,10.846,11.585,12.243,1240675.75,1498280.8,1760133.23,3.13
2015-06-26,11.0,11.18,10.25,10.25,1101217.88,-1.14,-10.01,11.184,11.985,12.305,1209449.05,1529532.81,1749886.3,2.53
2015-06-25,11.96,12.05,11.39,11.08,1202085.5,-0.51,-4.29,11.57,12.284,12.334,1199288.13,1552855.23,1773292.09,2.76
2015-06-24,11.44,12.15,11.9,11.35,1468583.75,0.59,5.22,11.846,12.476,12.363,1298966.08,1576008.89,1812502.72,3.37
2015-06-23,11.06,11.35,11.32,10.0,1068039.38,0.26,2.35,11.904,12.658,12.393,1517860.23,1651799.56,1837264.49,2.45
2015-06-19,11.78,12.05,11.06,11.0,1207318.75,-1.1,-9.05,12.324,12.871,12.447,1755885.85,1861966.25,1873696.21,2.77
2015-06-18,12.77,12.78,12.18,12.08,1050413.25,-0.59,-4.62,12.786,13.179,12.495,1849616.58,2209517.48,1900869.12,2.41
2015-06-17,12.28,12.9,12.77,11.85,1700475.25,0.59,4.84,12.998,13.246,12.474,1906422.33,2371832.53,1911710.0,3.9
2015-06-16,13.31,13.88,12.19,12.08,2563054.5,-1.23,-9.16,13.106,13.137,12.412,1853051.7,2295233.32,1903147.0,5.88
2015-06-15,13.44,14.39,13.42,12.92,2258167.5,0.05,0.37,13.412,13.096,12.381,1785738.9,2145376.49,1844869.19,5.18
2015-06-12,13.29,13.62,13.37,13.08,1675972.38,0.13,0.98,13.418,12.9,12.253,1968046.65,2021985.65,1776545.98,3.85
2015-06-11,13.08,13.28,13.24,12.87,1334442.0,-0.07,-0.53,13.572,12.625,12.134,2569418.37,1970239.79,1743321.58,3.06
2015-06-10,13.45,13.61,13.31,13.02,1433622.12,-0.41,-2.99,13.494,12.384,12.048,2837242.72,1993728.96,1743629.94,3.29
2015-06-09,13.47,13.95,13.72,13.1,2226490.5,0.27,2.01,13.168,12.249,11.95,2737414.94,2048996.55,1781577.74,5.11
2015-06-08,14.01,14.1,13.45,13.01,3169706.25,-0.59,-4.2,12.78,12.127,11.851,2505014.09,2022729.43,1762219.3,7.27
2015-06-05,13.5,14.14,14.14,13.0,4682831.0,1.29,10.04,12.382,12.023,11.712,2075924.65,1885426.18,1658287.48,10.75
2015-06-04,12.07,12.85,12.85,11.21,2673563.75,1.17,10.02,11.678,11.81,11.504,1371061.2,1592220.76,1466218.48,6.14
2015-06-03,11.78,11.88,11.68,11.47,934483.19,-0.1,-0.85,11.274,11.701,11.347,1150215.2,1451587.48,1381480.0,2.14
2015-06-02,11.5,11.98,11.78,11.4,1064486.25,0.32,2.79,11.33,11.687,11.269,1360578.16,1511060.68,1387271.94,2.44
2015-06-01,10.65,11.58,11.46,10.65,1024259.06,0.84,7.91,11.474,11.666,11.213,1540444.76,1544361.9,1395401.38,2.35
2015-05-29,10.83,11.09,10.62,9.95,1158513.75,-0.21,-1.94,11.664,11.606,11.218,1694927.7,1531106.31,1403703.35,2.66
2015-05-28,11.9,12.19,10.83,10.81,1569333.75,-1.13,-9.45,11.942,11.643,11.265,1813380.33,1516403.38,1408048.69,3.6
2015-05-27,12.46,12.5,11.96,11.88,1986298.0,-0.54,-4.32,12.128,11.712,11.295,1752959.75,1493530.91,1399301.35,4.56
2015-05-26,12.5,12.88,12.5,12.13,1963819.25,0.09,0.72,12.044,11.65,11.3,1661543.2,1514158.94,1398254.51,4.51
2015-05-25,12.01,12.49,12.41,11.95,1796673.75,0.4,3.33,11.858,11.574,11.305,1548279.03,1501709.18,1419764.93,4.12
2015-05-22,11.82,12.18,12.01,11.61,1750776.88,0.25,2.13,11.548,11.4,11.288,1367284.93,1431148.79,1419756.54,4.02
2015-05-21,11.6,11.78,11.76,11.35,1267230.88,0.22,1.91,11.344,11.198,11.302,1219426.43,1340216.19,1474492.26,2.91
2015-05-20,11.6,11.9,11.54,11.38,1529215.25,-0.03,-0.26,11.296,10.993,11.299,1234102.08,1311372.52,1481623.92,3.51
2015-05-19,10.66,11.65,11.57,10.61,1397498.38,0.71,6.54,11.256,10.85,11.254,1366774.68,1263483.21,1516890.51,3.21
2015-05-18,10.95,11.34,10.86,10.78,891703.25,-0.13,-1.18,11.29,10.759,11.212,1455139.32,1246440.86,1604141.1,2.05
2015-05-15,11.3,11.4,10.99,10.9,1011484.38,-0.53,-4.6,11.252,10.829,11.158,1495012.65,1276300.38,1688117.53,2.32
2015-05-14,11.26,12.0,11.52,11.02,1340609.12,0.18,1.59,11.052,10.886,11.088,1461005.96,1299693.99,1758496.38,3.08
2015-05-13,12.0,12.2,11.34,11.19,2192578.25,-0.4,-3.41,10.69,10.878,10.957,1388642.96,1305071.79,1802092.45,5.03
2015-05-12,10.77,11.74,11.74,10.69,1839321.62,1.07,10.03,10.444,10.949,10.828,1160191.74,1282350.08,1787830.78,4.22
2015-05-11,10.18,10.68,10.67,9.93,1091069.88,0.68,6.81,10.228,11.036,10.655,1037742.39,1337820.69,1740123.42,2.5
2015-05-08,9.85,10.04,9.99,9.68,841450.94,0.28,2.88,10.406,11.176,10.533,1057588.11,1408364.29,1722950.07,1.93
2015-05-07,10.12,10.3,9.71,9.68,978794.12,-0.4,-3.96,10.72,11.405,10.437,1138382.02,1608768.32,1744358.8,2.25
2015-05-06,10.66,10.88,10.11,9.92,1050322.12,-0.55,-5.16,11.066,11.604,10.378,1221500.62,1651875.32,1761217.2,2.41
2015-05-05,11.59,11.69,10.66,10.56,1227074.88,-0.9,-7.79,11.454,11.657,10.297,1404508.42,1770297.81,1760783.52,2.82
2015-05-04,11.4,11.95,11.56,11.02,1190298.5,0.0,0.0,11.844,11.665,10.187,1637899.0,1961841.35,1749351.51,2.73
2015-04-30,11.46,11.95,11.56,11.46,1245420.5,0.12,1.05,11.946,11.487,10.039,1759140.47,2099934.67,1776293.17,2.86
2015-04-29,11.7,11.8,11.44,11.11,1394387.12,-0.61,-5.06,12.09,11.289,9.893,2079154.62,2217298.77,1820202.3,3.2
2015-04-28,12.63,12.96,12.05,12.0,1965361.12,-0.56,-4.44,12.142,11.035,9.726,2082250.02,2299113.11,1820210.12,4.51
2015-04-27,12.07,12.65,12.61,11.89,2394027.75,0.54,4.47,11.86,10.706,9.603,2136087.2,2293311.48,1812570.6,5.49
2015-04-24,11.8,12.51,12.07,11.5,1796505.88,-0.21,-1.71,11.486,10.274,9.436,2285783.7,2142426.15,1780267.42,4.12
2015-04-23,11.99,12.86,12.28,11.8,2845491.25,0.58,4.96,11.028,9.89,9.281,2440728.87,2037535.86,1779312.22,6.53
2015-04-22,10.65,11.7,11.7,10.65,1409864.12,1.06,9.96,10.488,9.468,9.094,2355442.92,1879949.27,1712676.03,3.24
2015-04-21,10.7,11.28,10.64,10.4,2234547.0,-0.1,-0.93,9.928,9.151,8.92,2515976.2,1870559.07,1732863.49,5.13
2015-04-20,9.75,10.76,10.74,9.28,3142510.25,0.96,9.82,9.552,8.937,8.797,2450535.75,1751269.23,1697028.96,7.21
2015-04-17,9.65,10.19,9.78,9.62,2571231.75,0.2,2.09,9.062,8.709,8.648,1999068.6,1536861.66,1585838.09,5.9
2015-04-16,8.63,9.75,9.58,8.63,2419061.5,0.68,7.64,8.752,8.591,8.553,1634342.84,1452651.68,1503721.95,5.55
2015-04-15,8.78,9.19,8.9,8.43,2212530.5,0.14,1.6,8.448,8.497,8.46,1404455.61,1423105.83,1420509.26,5.08
2015-04-14,8.3,8.84,8.76,8.24,1907344.75,0.47,5.67,8.374,8.416,8.416,1225141.94,1341307.14,1341307.14,4.38
2015-04-13,8.23,8.38,8.29,8.21,885174.5,0.06,0.73,8.322,8.378,8.378,1052002.7,1278414.07,1278414.07,2.03
2015-04-10,8.06,8.33,8.23,8.0,747602.94,0.17,2.11,8.356,8.389,8.389,1074654.72,1327569.02,1327569.02,1.72
2015-04-09,8.51,8.51,8.06,7.93,1269625.38,-0.47,-5.51,8.43,8.411,8.411,1270960.51,1410421.31,1410421.31,2.91
2015-04-08,8.5,8.69,8.53,8.4,1315962.12,0.03,0.35,8.546,8.47,8.47,1441756.04,1433887.3,1433887.3,3.02
2015-04-07,8.47,8.54,8.5,8.4,1041648.56,0.04,0.47,8.458,8.458,8.458,1457472.34,1457472.34,1457472.34,2.39
2015-04-03,8.5,8.6,8.46,8.31,998434.62,-0.14,-1.63,8.448,8.448,8.448,1561428.28,1561428.28,1561428.28,2.29
2015-04-02,8.7,8.71,8.6,8.32,1729131.88,-0.04,-0.46,8.443,8.443,8.443,1749092.83,1749092.83,1749092.83,3.97
2015-04-01,8.09,8.89,8.64,8.02,2123603.0,0.55,6.8,8.365,8.365,8.365,1759073.31,1759073.31,1759073.31,4.87
2015-03-31,8.22,8.36,8.09,8.0,1394543.62,-0.13,-1.58,8.09,8.09,8.09,1394543.62,1394543.62,1394543.62,3.2
